지역,날짜,총인구수 (명),남자인구수 (명),여자인구수 (명)
전국,2011. 01,50534731,25318961,25215770
서울,2011. 01,10312835,5110837,5201998
부산,2011. 01,3566560,1772383,1794177
대구,2011. 01,2512071,1255238,1256833
인천,2011. 01,2761122,1391674,1369448
광주,2011. 01,1456308,722450,733858
대전,2011. 01,1504617,754111,750506
울산,2011. 01,1127337,579518,547819
경기,2011. 01,11801232,5949477,5851755
강원,2011. 01,1528790,769339,759451
충북,2011. 01,1550474,781774,768700
충남,2011. 01,2076239,1049848,1026391
전북,2011. 01,1868745,931489,937256
전남,2011. 01,1916912,957989,958923
경북,2011. 01,2688586,1350687,1337899
경남,2011. 01,3291435,1656488,1634947
제주,2011. 01,571468,285659,285809
전국,2011. 02,50555262,25328299,25226963
서울,2011. 02,10314245,5110818,5203427
부산,2011. 02,3566480,1772175,1794305
대구,2011. 02,2512321,1255200,1257121
인천,2011. 02,2765025,1393626,1371399
광주,2011. 02,1458195,723413,734782
대전,2011. 02,1506136,754883,751253
울산,2011. 02,1127647,579732,547915
경기,2011. 02,11815120,5956364,5858756
강원,2011. 02,1527843,768790,759053
충북,2011. 02,1551621,782255,769366
충남,2011. 02,2077703,1050677,1027026
전북,2011. 02,1868363,931323,937040
전남,2011. 02,1914191,956670,957521
경북,2011. 02,2687178,1349953,1337225
경남,2011. 02,3291281,1656537,1634744
제주,2011. 02,571913,285883,286030
전국,2011. 03,50575130,25337290,25237840
서울,2011. 03,10307783,5107011,5200772
부산,2011. 03,3564873,1770952,1793921
대구,2011. 03,2511231,1254360,1256871
인천,2011. 03,2768648,1395330,1373318
광주,2011. 03,1458326,723279,735047
대전,2011. 03,1506995,755385,751610
울산,2011. 03,1128324,580047,548277
경기,2011. 03,11829316,5963948,5865368
강원,2011. 03,1529915,769993,759922
충북,2011. 03,1552707,782832,769875
충남,2011. 03,2081390,1052537,1028853
전북,2011. 03,1868476,931437,937039
전남,2011. 03,1914176,956526,957650
경북,2011. 03,2687521,1350106,1337415
경남,2011. 03,3293002,1657395,1635607
제주,2011. 03,572447,286152,286295
전국,2011. 04,50594424,25346019,25248405
서울,2011. 04,10301829,5103919,5197910
부산,2011. 04,3563042,1769903,1793139
대구,2011. 04,2510773,1253859,1256914
인천,2011. 04,2772131,1397050,1375081
광주,2011. 04,1458814,723466,735348
대전,2011. 04,1507751,755648,752103
울산,2011. 04,1129038,580511,548527
경기,2011. 04,11841400,5969703,5871697
강원,2011. 04,1531721,770824,760897
충북,2011. 04,1554195,783592,770603
충남,2011. 04,2083893,1054033,1029860
전북,2011. 04,1868846,931576,937270
전남,2011. 04,1913918,956437,957481
경북,2011. 04,2688469,1350516,1337953
경남,2011. 04,3295686,1658558,1637128
제주,2011. 04,572918,286424,286494
전국,2011. 05,50613213,25354703,25258510
서울,2011. 05,10295643,5100399,5195244
부산,2011. 05,3562985,1769690,1793295
대구,2011. 05,2510644,1253685,1256959
인천,2011. 05,2775394,1398584,1376810
광주,2011. 05,1459615,723894,735721
대전,2011. 05,1509032,756290,752742
울산,2011. 05,1129612,580864,548748
경기,2011. 05,11854092,5976420,5877672
강원,2011. 05,1531996,770803,761193
충북,2011. 05,1555169,784080,771089
충남,2011. 05,2086490,1055458,1031032
전북,2011. 05,1869418,931872,937546
전남,2011. 05,1913641,956187,957454
경북,2011. 05,2689130,1350786,1338344
경남,2011. 05,3296893,1659023,1637870
제주,2011. 05,573459,286668,286791
전국,2011. 06,50627347,25359936,25267411
서울,2011. 06,10288284,5095751,5192533
부산,2011. 06,3563295,1769758,1793537
대구,2011. 06,2510243,1253367,1256876
인천,2011. 06,2779133,1400372,1378761
광주,2011. 06,1459862,723927,735935
대전,2011. 06,1509963,756814,753149
울산,2011. 06,1130832,581503,549329
경기,2011. 06,11862889,5980594,5882295
강원,2011. 06,1532178,770755,761423
충북,2011. 06,1555952,784476,771476
충남,2011. 06,2088281,1056342,1031939
전북,2011. 06,1870863,932582,938281
전남,2011. 06,1914142,956254,957888
경북,2011. 06,2689904,1351242,1338662
경남,2011. 06,3297769,1659375,1638394
제주,2011. 06,573757,286824,286933
전국,2011. 07,50641565,25366218,25275347
서울,2011. 07,10282472,5092201,5190271
부산,2011. 07,3560813,1768334,1792479
대구,2011. 07,2509833,1253156,1256677
인천,2011. 07,2782458,1401993,1380465
광주,2011. 07,1461368,724654,736714
대전,2011. 07,1510468,756963,753505
울산,2011. 07,1131325,581704,549621
경기,2011. 07,11874213,5986390,5887823
강원,2011. 07,1532825,770978,761847
충북,2011. 07,1556984,785015,771969
충남,2011. 07,2090270,1057362,1032908
전북,2011. 07,1871388,932792,938596
전남,2011. 07,1913185,955836,957349
경북,2011. 07,2691181,1352038,1339143
경남,2011. 07,3298607,1659799,1638808
제주,2011. 07,574175,287003,287172
전국,2011. 08,50662739,25375626,25287113
서울,2011. 08,10277507,5089493,5188014
부산,2011. 08,3558372,1766803,1791569
대구,2011. 08,2510079,1253113,1256966
인천,2011. 08,2786717,1404018,1382699
광주,2011. 08,1462915,725330,737585
대전,2011. 08,1511531,757313,754218
울산,2011. 08,1131979,582076,549903
경기,2011. 08,11887932,5993230,5894702
강원,2011. 08,1533172,771292,761880
충북,2011. 08,1558289,785630,772659
충남,2011. 08,2092262,1058431,1033831
전북,2011. 08,1872346,933147,939199
전남,2011. 08,1911983,955254,956729
경북,2011. 08,2692036,1352432,1339604
경남,2011. 08,3300895,1660780,1640115
제주,2011. 08,574724,287284,287440
전국,2011. 09,50681829,25384115,25297714
서울,2011. 09,10271880,5086210,5185670
부산,2011. 09,3556565,1765847,1790718
대구,2011. 09,2509609,1252693,1256916
인천,2011. 09,2790226,1405707,1384519
광주,2011. 09,1463432,725523,737909
대전,2011. 09,1512557,757790,754767
울산,2011. 09,1132910,582522,550388
경기,2011. 09,11898590,5998445,5900145
강원,2011. 09,1533638,771586,762052
충북,2011. 09,1559572,786171,773401
충남,2011. 09,2094358,1059573,1034785
전북,2011. 09,1873956,933946,940010
전남,2011. 09,1912151,955371,956780
경북,2011. 09,2693707,1353220,1340487
경남,2011. 09,3303549,1661962,1641587
제주,2011. 09,575129,287549,287580
전국,2011. 10,50699478,25391900,25307578
서울,2011. 10,10266174,5082622,5183552
부산,2011. 10,3554635,1764716,1789919
대구,2011. 10,2509297,1252400,1256897
인천,2011. 10,2794493,1407756,1386737
광주,2011. 10,1464073,725810,738263
대전,2011. 10,1513877,758386,755491
울산,2011. 10,1134125,583149,550976
경기,2011. 10,11908014,6002872,5905142
강원,2011. 10,1534555,772081,762474
충북,2011. 10,1560895,786962,773933
충남,2011. 10,2096445,1060628,1035817
전북,2011. 10,1874058,934102,939956
전남,2011. 10,1912509,955527,956982
경북,2011. 10,2695145,1353957,1341188
경남,2011. 10,3305621,1663115,1642506
제주,2011. 10,575562,287817,287745
전국,2011. 11,50717719,25399757,25317962
서울,2011. 11,10257741,5078105,5179636
부산,2011. 11,3553997,1764401,1789596
대구,2011. 11,2508935,1252236,1256699
인천,2011. 11,2798762,1409803,1388959
광주,2011. 11,1464516,726106,738410
대전,2011. 11,1514979,758911,756068
울산,2011. 11,1134904,583556,551348
경기,2011. 11,11920340,6007716,5912624
강원,2011. 11,1535771,772888,762883
충북,2011. 11,1562374,787715,774659
충남,2011. 11,2098469,1061693,1036776
전북,2011. 11,1874181,934135,940046
전남,2011. 11,1913002,955921,957081
경북,2011. 11,2696596,1354595,1342001
경남,2011. 11,3307201,1663978,1643223
제주,2011. 11,575951,287998,287953
전국,2011. 12,50734284,25406934,25327350
서울,2011. 12,10249679,5073899,5175780
부산,2011. 12,3550963,1762848,1788115
대구,2011. 12,2507271,1251577,1255694
인천,2011. 12,2801274,1410980,1390294
광주,2011. 12,1463464,725606,737858
대전,2011. 12,1515603,759188,756415
울산,2011. 12,1135494,583825,551669
경기,2011. 12,11937415,6015357,5922058
강원,2011. 12,1536448,773278,763170
충북,2011. 12,1562903,787981,774922
충남,2011. 12,2101284,1063012,1038272
전북,2011. 12,1874031,934002,940029
전남,2011. 12,1914339,956747,957592
경북,2011. 12,2699195,1355727,1343468
경남,2011. 12,3308765,1664755,1644010
제주,2011. 12,576156,288152,288004
전국,2012. 01,50750837,25414026,25336811
서울,2012. 01,10250134,5073567,5176567
부산,2012. 01,3549501,1762043,1787458
대구,2012. 01,2508370,1251881,1256489
인천,2012. 01,2804287,1412355,1391932
광주,2012. 01,1465313,726529,738784
대전,2012. 01,1517299,759905,757394
울산,2012. 01,1136464,584309,552155
세종,2012. 01,-,-,-
경기,2012. 01,11948596,6020446,5928150
강원,2012. 01,1535335,772718,762617
충북,2012. 01,1563023,788127,774896
충남,2012. 01,2103129,1064012,1039117
전북,2012. 01,1873491,933775,939716
전남,2012. 01,1912725,956024,956701
경북,2012. 01,2697104,1354649,1342455
경남,2012. 01,3309559,1665308,1644251
제주,2012. 01,576507,288378,288129
전국,2012. 02,50767313,25421655,25345658
서울,2012. 02,10251297,5073607,5177690
부산,2012. 02,3548640,1761464,1787176
대구,2012. 02,2508563,1251815,1256748
인천,2012. 02,2808286,1414357,1393929
광주,2012. 02,1466516,727092,739424
대전,2012. 02,1518651,760544,758107
울산,2012. 02,1136948,584696,552252
세종,2012. 02,-,-,-
경기,2012. 02,11961481,6026826,5934655
강원,2012. 02,1534310,772155,762155
충북,2012. 02,1563091,788129,774962
충남,2012. 02,2106223,1065693,1040530
전북,2012. 02,1872933,933597,939336
전남,2012. 02,1910664,954855,955809
경북,2012. 02,2694794,1353574,1341220
경남,2012. 02,3307822,1664550,1643272
제주,2012. 02,577094,288701,288393
전국,2012. 03,50783029,25429184,25353845
서울,2012. 03,10245782,5070498,5175284
부산,2012. 03,3547141,1760266,1786875
대구,2012. 03,2507586,1251107,1256479
인천,2012. 03,2811410,1415761,1395649
광주,2012. 03,1466810,727255,739555
대전,2012. 03,1519490,761177,758313
울산,2012. 03,1137918,585316,552602
세종,2012. 03,-,-,-
경기,2012. 03,11972408,6032275,5940133
강원,2012. 03,1536525,773580,762945
충북,2012. 03,1564283,788684,775599
충남,2012. 03,2108537,1066888,1041649
전북,2012. 03,1873678,933948,939730
전남,2012. 03,1910746,955003,955743
경북,2012. 03,2694822,1353601,1341221
경남,2012. 03,3308081,1664719,1643362
제주,2012. 03,577812,289106,288706
전국,2012. 04,50801531,25437643,25363888
서울,2012. 04,10241387,5068038,5173349
부산,2012. 04,3545806,1759456,1786350
대구,2012. 04,2507310,1250813,1256497
인천,2012. 04,2815158,1417617,1397541
광주,2012. 04,1466676,727206,739470
대전,2012. 04,1520628,761742,758886
울산,2012. 04,1139628,586133,553495
세종,2012. 04,-,-,-
경기,2012. 04,11984985,6038558,5946427
강원,2012. 04,1537096,773835,763261
충북,2012. 04,1565389,789237,776152
충남,2012. 04,2110896,1068221,1042675
전북,2012. 04,1873333,933695,939638
전남,2012. 04,1910533,954881,955652
경북,2012. 04,2694944,1353626,1341318
경남,2012. 04,3309325,1665176,1644149
제주,2012. 04,578437,289409,289028
전국,2012. 05,50819380,25445721,25373659
서울,2012. 05,10237054,5065291,5171763
부산,2012. 05,3543688,1758013,1785675
대구,2012. 05,2507022,1250583,1256439
인천,2012. 05,2818348,1419119,1399229
광주,2012. 05,1466464,727060,739404
대전,2012. 05,1521659,762228,759431
울산,2012. 05,1140673,586803,553870
세종,2012. 05,-,-,-
경기,2012. 05,11998173,6045184,5952989
강원,2012. 05,1537673,774212,763461
충북,2012. 05,1566183,789629,776554
충남,2012. 05,2112849,1069277,1043572
전북,2012. 05,1873141,933565,939576
전남,2012. 05,1910689,954893,955796
경북,2012. 05,2694930,1353648,1341282
경남,2012. 05,3311574,1666383,1645191
제주,2012. 05,579260,289833,289427
전국,2012. 06,50832898,25452027,25380871
서울,2012. 06,10232281,5062494,5169787
부산,2012. 06,3542239,1757050,1785189
대구,2012. 06,2506977,1250491,1256486
인천,2012. 06,2820994,1420391,1400603
광주,2012. 06,1466388,727057,739331
대전,2012. 06,1522595,762685,759910
울산,2012. 06,1140954,587128,553826
세종,2012. 06,-,-,-
경기,2012. 06,12009150,6050717,5958433
강원,2012. 06,1537750,774162,763588
충북,2012. 06,1566992,790061,776931
충남,2012. 06,2114599,1070155,1044444
전북,2012. 06,1873093,933572,939521
전남,2012. 06,1910707,954909,955798
경북,2012. 06,2695113,1353724,1341389
경남,2012. 06,3313207,1667237,1645970
제주,2012. 06,579859,290194,289665
전국,2012. 07,50851082,25460414,25390668
서울,2012. 07,10227761,5059710,5168051
부산,2012. 07,3542218,1756971,1785247
대구,2012. 07,2506969,1250452,1256517
인천,2012. 07,2824150,1421784,1402366
광주,2012. 07,1467030,727255,739775
대전,2012. 07,1522581,762642,759939
울산,2012. 07,1141483,587424,554059
세종,2012. 07,103127,52624,50503
경기,2012. 07,12021422,6057142,5964280
강원,2012. 07,1538198,774287,763911
충북,2012. 07,1561493,787157,774336
충남,2012. 07,2021776,1022956,998820
전북,2012. 07,1872830,933365,939465
전남,2012. 07,1910298,954667,955631
경북,2012. 07,2695263,1353639,1341624
경남,2012. 07,3313689,1667629,1646060
제주,2012. 07,580794,290710,290084
전국,2012. 08,50871606,25469682,25401924
서울,2012. 08,10223243,5057182,5166061
부산,2012. 08,3541431,1756404,1785027
대구,2012. 08,2507715,1250650,1257065
인천,2012. 08,2828342,1423909,1404433
광주,2012. 08,1467979,727763,740216
대전,2012. 08,1522189,762435,759754
울산,2012. 08,1142528,587910,554618
세종,2012. 08,106625,54338,52287
경기,2012. 08,12035714,6064456,5971258
강원,2012. 08,1538136,774161,763975
충북,2012. 08,1562289,787550,774739
충남,2012. 08,2022434,1023386,999048
전북,2012. 08,1872957,933352,939605
전남,2012. 08,1909493,954234,955259
경북,2012. 08,2695008,1353243,1341765
경남,2012. 08,3314183,1667738,1646445
제주,2012. 08,581340,290971,290369
전국,2012. 09,50891223,25478622,25412601
서울,2012. 09,10219334,5054851,5164483
부산,2012. 09,3540802,1756003,1784799
대구,2012. 09,2507791,1250552,1257239
인천,2012. 09,2831729,1425557,1406172
광주,2012. 09,1468777,728097,740680
대전,2012. 09,1522880,762885,759995
울산,2012. 09,1143464,588361,555103
세종,2012. 09,108027,55022,53005
경기,2012. 09,12047601,6070096,5977505
강원,2012. 09,1538934,774550,764384
충북,2012. 09,1563323,788058,775265
충남,2012. 09,2023534,1024045,999489
전북,2012. 09,1873134,933400,939734
전남,2012. 09,1909212,954104,955108
경북,2012. 09,2695316,1353486,1341830
경남,2012. 09,3315343,1668268,1647075
제주,2012. 09,582022,291287,290735
전국,2012. 10,50912264,25488080,25424184
서울,2012. 10,10212445,5050639,5161806
부산,2012. 10,3540098,1755498,1784600
대구,2012. 10,2507571,1250263,1257308
인천,2012. 10,2836080,1427719,1408361
광주,2012. 10,1469614,728516,741098
대전,2012. 10,1523647,763214,760433
울산,2012. 10,1145096,589212,555884
세종,2012. 10,109823,55913,53910
경기,2012. 10,12060335,6076566,5983769
강원,2012. 10,1538869,774412,764457
충북,2012. 10,1564665,788785,775880
충남,2012. 10,2025274,1024888,1000386
전북,2012. 10,1873353,933374,939979
전남,2012. 10,1908998,954015,954983
경북,2012. 10,2696180,1354012,1342168
경남,2012. 10,3317523,1669395,1648128
제주,2012. 10,582693,291659,291034
전국,2012. 11,50930805,25496262,25434543
서울,2012. 11,10205843,5047103,5158740
부산,2012. 11,3539273,1755039,1784234
대구,2012. 11,2507910,1250472,1257438
인천,2012. 11,2840308,1429856,1410452
광주,2012. 11,1470669,729100,741569
대전,2012. 11,1524566,763776,760790
울산,2012. 11,1146555,590055,556500
세종,2012. 11,111191,56596,54595
경기,2012. 11,12071878,6080869,5991009
강원,2012. 11,1539116,774578,764538
충북,2012. 11,1565188,789028,776160
충남,2012. 11,2026849,1025776,1001073
전북,2012. 11,1873561,933418,940143
전남,2012. 11,1908834,953969,954865
경북,2012. 11,2697569,1354791,1342778
경남,2012. 11,3318202,1669863,1648339
제주,2012. 11,583293,291973,291320
전국,2012. 12,50948272,25504060,25444212
서울,2012. 12,10195318,5041336,5153982
부산,2012. 12,3538484,1754479,1784005
대구,2012. 12,2505644,1249320,1256324
인천,2012. 12,2843981,1431593,1412388
광주,2012. 12,1469216,728406,740810
대전,2012. 12,1524583,763671,760912
울산,2012. 12,1147256,590424,556832
세종,2012. 12,113117,57633,55484
경기,2012. 12,12093299,6091035,6002264
강원,2012. 12,1538630,774273,764357
충북,2012. 12,1565628,789286,776342
충남,2012. 12,2028777,1026812,1001965
전북,2012. 12,1873341,933386,939955
전남,2012. 12,1909618,954354,955264
경북,2012. 12,2698353,1355294,1343059
경남,2012. 12,3319314,1670545,1648769
제주,2012. 12,583713,292213,291500
전국,2013. 01,50965180,25511490,25453690
서울,2013. 01,10195064,5040263,5154801
부산,2013. 01,3538191,1754151,1784040
대구,2013. 01,2504945,1248869,1256076
인천,2013. 01,2846899,1432916,1413983
광주,2013. 01,1470061,728843,741218
대전,2013. 01,1525888,764201,761687
울산,2013. 01,1148130,590953,557177
세종,2013. 01,113911,58074,55837
경기,2013. 01,12107216,6097807,6009409
강원,2013. 01,1537704,773698,764006
충북,2013. 01,1565670,789329,776341
충남,2013. 01,2029769,1027427,1002342
전북,2013. 01,1872500,932953,939547
전남,2013. 01,1907945,953646,954299
경북,2013. 01,2698263,1355427,1342836
경남,2013. 01,3318979,1670527,1648452
제주,2013. 01,584045,292406,291639
전국,2013. 02,50991003,25523833,25467170
서울,2013. 02,10196434,5039921,5156513
부산,2013. 02,3539455,1754758,1784697
대구,2013. 02,2505040,1248840,1256200
인천,2013. 02,2850543,1434674,1415869
광주,2013. 02,1470969,729362,741607
대전,2013. 02,1527383,764912,762471
울산,2013. 02,1148713,591328,557385
세종,2013. 02,115269,58788,56481
경기,2013. 02,12123024,6105695,6017329
강원,2013. 02,1536718,773279,763439
충북,2013. 02,1565697,789423,776274
충남,2013. 02,2031839,1028533,1003306
전북,2013. 02,1872311,932775,939536
전남,2013. 02,1907027,953187,953840
경북,2013. 02,2696802,1354904,1341898
경남,2013. 02,3318548,1670391,1648157
제주,2013. 02,585231,293063,292168
전국,2013. 03,51003843,25529381,25474462
서울,2013. 03,10192057,5037288,5154769
부산,2013. 03,3538285,1753758,1784527
대구,2013. 03,2504623,1248307,1256316
인천,2013. 03,2853489,1436089,1417400
광주,2013. 03,1470979,729250,741729
대전,2013. 03,1527857,765095,762762
울산,2013. 03,1150215,592072,558143
세종,2013. 03,115955,59136,56819
경기,2013. 03,12133590,6111112,6022478
강원,2013. 03,1538219,774195,764024
충북,2013. 03,1565972,789515,776457
충남,2013. 03,2033019,1029334,1003685
전북,2013. 03,1871818,932551,939267
전남,2013. 03,1906887,953029,953858
경북,2013. 03,2696554,1354666,1341888
경남,2013. 03,3318175,1670416,1647759
제주,2013. 03,586149,293568,292581
전국,2013. 04,51018468,25535573,25482895
서울,2013. 04,10185955,5033615,5152340
부산,2013. 04,3537758,1753158,1784600
대구,2013. 04,2504888,1248182,1256706
인천,2013. 04,2856667,1437735,1418932
광주,2013. 04,1471324,729412,741912
대전,2013. 04,1528578,765375,763203
울산,2013. 04,1150708,592401,558307
세종,2013. 04,116345,59322,57023
경기,2013. 04,12144383,6116350,6028033
강원,2013. 04,1539169,774656,764513
충북,2013. 04,1566920,790054,776866
충남,2013. 04,2034946,1030529,1004417
전북,2013. 04,1871979,932581,939398
전남,2013. 04,1906477,952701,953776
경북,2013. 04,2696341,1354501,1341840
경남,2013. 04,3318877,1670878,1647999
제주,2013. 04,587153,294123,293030
전국,2013. 05,51034494,25542576,25491918
서울,2013. 05,10181807,5030777,5151030
부산,2013. 05,3536426,1752157,1784269
대구,2013. 05,2505083,1248184,1256899
인천,2013. 05,2859335,1439029,1420306
광주,2013. 05,1471801,729629,742172
대전,2013. 05,1529085,765683,763402
울산,2013. 05,1151340,592753,558587
세종,2013. 05,116842,59592,57250
경기,2013. 05,12156714,6122656,6034058
강원,2013. 05,1539403,774728,764675
충북,2013. 05,1567548,790381,777167
충남,2013. 05,2036661,1031473,1005188
전북,2013. 05,1871592,932389,939203
전남,2013. 05,1906335,952587,953748
경북,2013. 05,2696447,1354424,1342023
경남,2013. 05,3320074,1671631,1648443
제주,2013. 05,588001,294503,293498
전국,2013. 06,51047880,25548288,25499592
서울,2013. 06,10176560,5027540,5149020
부산,2013. 06,3534500,1751105,1783395
대구,2013. 06,2503728,1247423,1256305
인천,2013. 06,2861722,1440222,1421500
광주,2013. 06,1471867,729695,742172
대전,2013. 06,1529655,766027,763628
울산,2013. 06,1152039,593096,558943
세종,2013. 06,117012,59661,57351
경기,2013. 06,12167575,6127936,6039639
강원,2013. 06,1539767,774977,764790
충북,2013. 06,1568860,790998,777862
충남,2013. 06,2038322,1032365,1005957
전북,2013. 06,1871545,932383,939162
전남,2013. 06,1906575,952627,953948
경북,2013. 06,2696833,1354594,1342239
경남,2013. 06,3322702,1672886,1649816
제주,2013. 06,588618,294753,293865
전국,2013. 07,51064841,25555792,25509049
서울,2013. 07,10172002,5024805,5147197
부산,2013. 07,3532994,1750076,1782918
대구,2013. 07,2503604,1247377,1256227
인천,2013. 07,2864951,1441827,1423124
광주,2013. 07,1472357,729951,742406
대전,2013. 07,1530226,766341,763885
울산,2013. 07,1152765,593504,559261
세종,2013. 07,117369,59837,57532
경기,2013. 07,12181553,6134709,6046844
강원,2013. 07,1540014,775045,764969
충북,2013. 07,1569348,791357,777991
충남,2013. 07,2039668,1032957,1006711
전북,2013. 07,1871570,932396,939174
전남,2013. 07,1906028,952185,953843
경북,2013. 07,2696446,1354496,1341950
경남,2013. 07,3324324,1673629,1650695
제주,2013. 07,589622,295300,294322
전국,2013. 08,51081507,25562816,25518691
서울,2013. 08,10168997,5022491,5146506
부산,2013. 08,3531796,1749362,1782434
대구,2013. 08,2503400,1247193,1256207
인천,2013. 08,2867429,1442837,1424592
광주,2013. 08,1472807,730191,742616
대전,2013. 08,1530908,766628,764280
울산,2013. 08,1154208,594221,559987
세종,2013. 08,117939,60134,57805
경기,2013. 08,12193532,6140842,6052690
강원,2013. 08,1540264,775162,765102
충북,2013. 08,1569731,791502,778229
충남,2013. 08,2041263,1033946,1007317
전북,2013. 08,1871498,932366,939132
전남,2013. 08,1905442,951751,953691
경북,2013. 08,2696492,1354361,1342131
경남,2013. 08,3325351,1674101,1651250
제주,2013. 08,590450,295728,294722
전국,2013. 09,51098531,25570198,25528333
서울,2013. 09,10166691,5020717,5145974
부산,2013. 09,3531643,1749195,1782448
대구,2013. 09,2503679,1247251,1256428
인천,2013. 09,2870125,1444150,1425975
광주,2013. 09,1473229,730342,742887
대전,2013. 09,1531418,766838,764580
울산,2013. 09,1154382,594307,560075
세종,2013. 09,118273,60315,57958
경기,2013. 09,12203080,6145500,6057580
강원,2013. 09,1540796,775541,765255
충북,2013. 09,1570486,791745,778741
충남,2013. 09,2043056,1034918,1008138
전북,2013. 09,1871726,932457,939269
전남,2013. 09,1905374,951699,953675
경북,2013. 09,2696705,1354402,1342303
경남,2013. 09,3326527,1674641,1651886
제주,2013. 09,591341,296180,295161
전국,2013. 10,51115702,25577637,25538065
서울,2013. 10,10162099,5017958,5144141
부산,2013. 10,3530579,1748576,1782003
대구,2013. 10,2503648,1247204,1256444
인천,2013. 10,2873451,1445689,1427762
광주,2013. 10,1473576,730586,742990
대전,2013. 10,1532456,767235,765221
울산,2013. 10,1154956,594585,560371
세종,2013. 10,118745,60573,58172
경기,2013. 10,12211807,6149461,6062346
강원,2013. 10,1541457,775932,765525
충북,2013. 10,1571704,792304,779400
충남,2013. 10,2045203,1036052,1009151
전북,2013. 10,1871776,932338,939438
전남,2013. 10,1905627,951800,953827
경북,2013. 10,2697450,1354764,1342686
경남,2013. 10,3328969,1675958,1653011
제주,2013. 10,592199,296622,295577
전국,2013. 11,51127984,25582749,25545235
서울,2013. 11,10154180,5013816,5140364
부산,2013. 11,3529884,1748171,1781713
대구,2013. 11,2503283,1246930,1256353
인천,2013. 11,2876797,1447443,1429354
광주,2013. 11,1473689,730623,743066
대전,2013. 11,1533114,767527,765587
울산,2013. 11,1155867,595076,560791
세종,2013. 11,119309,60841,58468
경기,2013. 11,12219786,6152044,6067742
강원,2013. 11,1542069,776443,765626
충북,2013. 11,1572158,792480,779678
충남,2013. 11,2046550,1036832,1009718
전북,2013. 11,1872370,932629,939741
전남,2013. 11,1906495,952316,954179
경북,2013. 11,2698619,1355462,1343157
경남,2013. 11,3330810,1677018,1653792
제주,2013. 11,593004,297098,295906
전국,2013. 12,51141463,25588336,25553127
서울,2013. 12,10143645,5007869,5135776
부산,2013. 12,3527635,1747000,1780635
대구,2013. 12,2501588,1246071,1255517
인천,2013. 12,2879782,1448835,1430947
광주,2013. 12,1472910,730216,742694
대전,2013. 12,1532811,767309,765502
울산,2013. 12,1156480,595319,561161
세종,2013. 12,122153,62205,59948
경기,2013. 12,12234630,6159193,6075437
강원,2013. 12,1542263,776498,765765
충북,2013. 12,1572732,792862,779870
충남,2013. 12,2047631,1037421,1010210
전북,2013. 12,1872965,932894,940071
전남,2013. 12,1907172,952597,954575
경북,2013. 12,2699440,1355951,1343489
경남,2013. 12,3333820,1678592,1655228
제주,2013. 12,593806,297504,296302
전국,2014. 01,51156168,25594653,25561515
서울,2014. 01,10143164,5007016,5136148
부산,2014. 01,3526648,1746434,1780214
대구,2014. 01,2501823,1246104,1255719
인천,2014. 01,2882047,1449766,1432281
광주,2014. 01,1473529,730486,743043
대전,2014. 01,1533497,767665,765832
울산,2014. 01,1157199,595781,561418
세종,2014. 01,123802,63011,60791
경기,2014. 01,12245960,6164542,6081418
강원,2014. 01,1540745,775636,765109
충북,2014. 01,1572779,792848,779931
충남,2014. 01,2048438,1037965,1010473
전북,2014. 01,1872297,932564,939733
전남,2014. 01,1906363,952350,954013
경북,2014. 01,2698306,1355429,1342877
경남,2014. 01,3334948,1679136,1655812
제주,2014. 01,594623,297920,296703
전국,2014. 02,51171176,25601055,25570121
서울,2014. 02,10144173,5006461,5137712
부산,2014. 02,3527439,1746523,1780916
대구,2014. 02,2500778,1245343,1255435
인천,2014. 02,2884824,1450948,1433876
광주,2014. 02,1473327,730342,742985
대전,2014. 02,1534335,768055,766280
울산,2014. 02,1157627,596084,561543
세종,2014. 02,125944,64021,61923
경기,2014. 02,12256617,6169825,6086792
강원,2014. 02,1539343,774852,764491
충북,2014. 02,1572923,793018,779905
충남,2014. 02,2049750,1038876,1010874
전북,2014. 02,1871267,932045,939222
전남,2014. 02,1905198,951878,953320
경북,2014. 02,2697306,1355173,1342133
경남,2014. 02,3334412,1678953,1655459
제주,2014. 02,595913,298658,297255
전국,2014. 03,51185882,25607390,25578492
서울,2014. 03,10141727,5004714,5137013
부산,2014. 03,3525512,1745079,1780433
대구,2014. 03,2500874,1245256,1255618
인천,2014. 03,2886580,1451704,1434876
광주,2014. 03,1472490,729873,742617
대전,2014. 03,1534954,768343,766611
울산,2014. 03,1158245,596505,561740
세종,2014. 03,126857,64507,62350
경기,2014. 03,12266541,6175104,6091437
강원,2014. 03,1541051,775982,765069
충북,2014. 03,1572914,792988,779926
충남,2014. 03,2051940,1040224,1011716
전북,2014. 03,1871139,931828,939311
전남,2014. 03,1905860,952147,953713
경북,2014. 03,2697169,1354872,1342297
경남,2014. 03,3335088,1679110,1655978
제주,2014. 03,596941,299154,297787
전국,2014. 04,51202130,25614648,25587482
서울,2014. 04,10137313,5002036,5135277
부산,2014. 04,3523386,1743807,1779579
대구,2014. 04,2499880,1244520,1255360
인천,2014. 04,2889258,1453139,1436119
광주,2014. 04,1471850,729480,742370
대전,2014. 04,1535367,768425,766942
울산,2014. 04,1159234,596923,562311
세종,2014. 04,128200,65181,63019
경기,2014. 04,12276751,6180303,6096448
강원,2014. 04,1541556,776338,765218
충북,2014. 04,1574548,793961,780587
충남,2014. 04,2053837,1041279,1012558
전북,2014. 04,1871174,931638,939536
전남,2014. 04,1907343,952724,954619
경북,2014. 04,2697438,1355071,1342367
경남,2014. 04,3336980,1680180,1656800
제주,2014. 04,598015,299643,298372
전국,2014. 05,51218424,25621971,25596453
서울,2014. 05,10133734,4999497,5134237
부산,2014. 05,3521473,1742696,1778777
대구,2014. 05,2498632,1243946,1254686
인천,2014. 05,2891615,1454165,1437450
광주,2014. 05,1473697,730441,743256
대전,2014. 05,1535415,768423,766992
울산,2014. 05,1160275,597474,562801
세종,2014. 05,129669,65909,63760
경기,2014. 05,12286470,6185339,6101131
강원,2014. 05,1541841,776437,765404
충북,2014. 05,1575073,794152,780921
충남,2014. 05,2056156,1042559,1013597
전북,2014. 05,1871333,931651,939682
전남,2014. 05,1906487,952192,954295
경북,2014. 05,2697563,1355055,1342508
경남,2014. 05,3339869,1681722,1658147
제주,2014. 05,599122,300313,298809
전국,2014. 06,51233579,25628547,25605032
서울,2014. 06,10129223,4996391,5132832
부산,2014. 06,3521210,1742434,1778776
대구,2014. 06,2498450,1243797,1254653
인천,2014. 06,2892483,1454600,1437883
광주,2014. 06,1474546,730751,743795
대전,2014. 06,1535701,768522,767179
울산,2014. 06,1161019,597879,563140
세종,2014. 06,130708,66427,64281
경기,2014. 06,12300698,6192798,6107900
강원,2014. 06,1541568,776108,765460
충북,2014. 06,1576066,794719,781347
충남,2014. 06,2057178,1043065,1014113
전북,2014. 06,1870844,931333,939511
전남,2014. 06,1905242,951551,953691
경북,2014. 06,2697248,1354925,1342323
경남,2014. 06,3341111,1682351,1658760
제주,2014. 06,600284,300896,299388
전국,2014. 07,51250261,25635765,25614496
서울,2014. 07,10125912,4994112,5131800
부산,2014. 07,3520288,1741809,1778479
대구,2014. 07,2497705,1243426,1254279
인천,2014. 07,2894151,1455207,1438944
광주,2014. 07,1475676,731288,744388
대전,2014. 07,1536349,768832,767517
울산,2014. 07,1161538,598236,563302
세종,2014. 07,132016,67017,64999
경기,2014. 07,12313649,6199495,6114154
강원,2014. 07,1541315,775808,765507
충북,2014. 07,1576819,795052,781767
충남,2014. 07,2058114,1043678,1014436
전북,2014. 07,1871456,931568,939888
전남,2014. 07,1904195,951046,953149
경북,2014. 07,2697325,1354761,1342564
경남,2014. 07,3342286,1682935,1659351
제주,2014. 07,601467,301495,299972
전국,2014. 08,51266779,25643094,25623685
서울,2014. 08,10124243,4992925,5131318
부산,2014. 08,3520287,1741594,1778693
대구,2014. 08,2496596,1242782,1253814
인천,2014. 08,2895292,1455683,1439609
광주,2014. 08,1476459,731655,744804
대전,2014. 08,1536286,768825,767461
울산,2014. 08,1162316,598642,563674
세종,2014. 08,134631,68319,66312
경기,2014. 08,12324470,6204878,6119592
강원,2014. 08,1541010,775609,765401
충북,2014. 08,1577549,795446,782103
충남,2014. 08,2058652,1043937,1014715
전북,2014. 08,1872056,931863,940193
전남,2014. 08,1903177,950473,952704
경북,2014. 08,2697927,1354995,1342932
경남,2014. 08,3343307,1683447,1659860
제주,2014. 08,602521,302021,300500
전국,2014. 09,51284774,25651006,25633768
서울,2014. 09,10122661,4991568,5131093
부산,2014. 09,3520732,1741439,1779293
대구,2014. 09,2491269,1240334,1250935
인천,2014. 09,2897018,1456505,1440513
광주,2014. 09,1477517,732118,745399
대전,2014. 09,1535815,768485,767330
울산,2014. 09,1163048,599060,563988
세종,2014. 09,138136,70037,68099
경기,2014. 09,12334023,6209804,6124219
강원,2014. 09,1541414,775742,765672
충북,2014. 09,1578401,795905,782496
충남,2014. 09,2059085,1044226,1014859
전북,2014. 09,1871931,931792,940139
전남,2014. 09,1902350,950073,952277
경북,2014. 09,2703929,1357549,1346380
경남,2014. 09,3343878,1683818,1660060
제주,2014. 09,603567,302551,301016
전국,2014. 10,51302044,25658417,25643627
서울,2014. 10,10117909,4988547,5129362
부산,2014. 10,3525913,1743762,1782151
대구,2014. 10,2492994,1241130,1251864
인천,2014. 10,2899071,1457469,1441602
광주,2014. 10,1477780,732389,745391
대전,2014. 10,1535028,768106,766922
울산,2014. 10,1163690,599456,564234
세종,2014. 10,142686,72294,70392
경기,2014. 10,12342448,6213736,6128712
강원,2014. 10,1542147,775948,766199
충북,2014. 10,1578934,796149,782785
충남,2014. 10,2059871,1044654,1015217
전북,2014. 10,1871747,931654,940093
전남,2014. 10,1902324,949962,952362
경북,2014. 10,2700328,1355885,1344443
경남,2014. 10,3344403,1684093,1660310
제주,2014. 10,604771,303183,301588
전국,2014. 11,51314683,25663668,25651015
서울,2014. 11,10112156,4984988,5127168
부산,2014. 11,3522643,1742210,1780433
대구,2014. 11,2493857,1241531,1252326
인천,2014. 11,2900996,1458361,1442635
광주,2014. 11,1478204,732567,745637
대전,2014. 11,1534041,767536,766505
울산,2014. 11,1166229,600845,565384
세종,2014. 11,148151,74983,73168
경기,2014. 11,12348078,6215639,6132439
강원,2014. 11,1542604,776339,766265
충북,2014. 11,1579037,796211,782826
충남,2014. 11,2060971,1045234,1015737
전북,2014. 11,1871725,931702,940023
전남,2014. 11,1902916,950465,952451
경북,2014. 11,2699686,1355600,1344086
경남,2014. 11,3347317,1685563,1661754
제주,2014. 11,606072,303894,302178
전국,2014. 12,51327916,25669296,25658620
서울,2014. 12,10103233,4979768,5123465
부산,2014. 12,3519401,1740417,1778984
대구,2014. 12,2493264,1241119,1252145
인천,2014. 12,2902608,1459074,1443534
광주,2014. 12,1475884,731339,744545
대전,2014. 12,1531809,766497,765312
울산,2014. 12,1166377,600904,565473
세종,2014. 12,156125,78862,77263
경기,2014. 12,12357830,6219813,6138017
강원,2014. 12,1544442,778007,766435
충북,2014. 12,1578933,796141,782792
충남,2014. 12,2062273,1045892,1016381
전북,2014. 12,1871560,931536,940024
전남,2014. 12,1905780,951975,953805
경북,2014. 12,2700794,1356182,1344612
경남,2014. 12,3350257,1687114,1663143
제주,2014. 12,607346,304656,302690
전국,2015. 01,51342881,25675816,25667065
서울,2015. 01,10104515,4979523,5124992
부산,2015. 01,3517898,1739447,1778451
대구,2015. 01,2492658,1240653,1252005
인천,2015. 01,2904876,1460106,1444770
광주,2015. 01,1476891,731801,745090
대전,2015. 01,1531287,766194,765093
울산,2015. 01,1167232,601448,565784
세종,2015. 01,161716,81538,80178
경기,2015. 01,12366711,6223885,6142826
강원,2015. 01,1543640,777867,765773
충북,2015. 01,1578531,795886,782645
충남,2015. 01,2063050,1046373,1016677
전북,2015. 01,1871018,931297,939721
전남,2015. 01,1904220,951388,952832
경북,2015. 01,2699275,1355546,1343729
경남,2015. 01,3351038,1687712,1663326
제주,2015. 01,608325,305152,303173
전국,2015. 02,51360454,25683724,25676730
서울,2015. 02,10105206,4979040,5126166
부산,2015. 02,3517939,1739181,1778758
대구,2015. 02,2492583,1240549,1252034
인천,2015. 02,2906603,1460824,1445779
광주,2015. 02,1477340,731983,745357
대전,2015. 02,1529431,765210,764221
울산,2015. 02,1167385,601671,565714
세종,2015. 02,169762,85432,84330
경기,2015. 02,12376944,6229184,6147760
강원,2015. 02,1542918,777518,765400
충북,2015. 02,1578253,795753,782500
충남,2015. 02,2062924,1046408,1016516
전북,2015. 02,1870728,931158,939570
전남,2015. 02,1903220,950919,952301
경북,2015. 02,2698469,1355236,1343233
경남,2015. 02,3351137,1687916,1663221
제주,2015. 02,609612,305742,303870
전국,2015. 03,51378174,25691721,25686453
서울,2015. 03,10100987,4976047,5124940
부산,2015. 03,3515839,1737884,1777955
대구,2015. 03,2491897,1239929,1251968
인천,2015. 03,2908418,1461607,1446811
광주,2015. 03,1477504,732108,745396
대전,2015. 03,1528090,764495,763595
울산,2015. 03,1168692,602343,566349
세종,2015. 03,174920,87996,86924
경기,2015. 03,12392297,6237256,6155041
강원,2015. 03,1543187,777725,765462
충북,2015. 03,1578748,796084,782664
충남,2015. 03,2064229,1047300,1016929
전북,2015. 03,1869966,930629,939337
전남,2015. 03,1902274,950455,951819
경북,2015. 03,2697302,1354636,1342666
경남,2015. 03,3352780,1688743,1664037
제주,2015. 03,611044,306484,304560
전국,2015. 04,51395238,25699428,25695810
서울,2015. 04,10094889,4972616,5122273
부산,2015. 04,3515439,1737312,1778127
대구,2015. 04,2491545,1239638,1251907
인천,2015. 04,2910307,1462351,1447956
광주,2015. 04,1477609,732108,745501
대전,2015. 04,1527314,764055,763259
울산,2015. 04,1169433,602802,566631
세종,2015. 04,178656,89856,88800
경기,2015. 04,12405279,6243963,6161316
강원,2015. 04,1543811,778078,765733
충북,2015. 04,1579291,796500,782791
충남,2015. 04,2065609,1048079,1017530
전북,2015. 04,1869900,930512,939388
전남,2015. 04,1902212,950418,951794
경북,2015. 04,2696837,1354216,1342621
경남,2015. 04,3354602,1689642,1664960
제주,2015. 04,612505,307282,305223
전국,2015. 05,51413925,25707941,25705984
서울,2015. 05,10088393,4968609,5119784
부산,2015. 05,3515806,1737367,1778439
대구,2015. 05,2491867,1239697,1252170
인천,2015. 05,2912114,1463289,1448825
광주,2015. 05,1477212,731865,745347
대전,2015. 05,1526568,763641,762927
울산,2015. 05,1169658,602919,566739
세종,2015. 05,182028,91535,90493
경기,2015. 05,12418899,6250770,6168129
강원,2015. 05,1545194,778923,766271
충북,2015. 05,1580042,796871,783171
충남,2015. 05,2067096,1048852,1018244
전북,2015. 05,1869965,930503,939462
전남,2015. 05,1902383,950626,951757
경북,2015. 05,2696674,1354095,1342579
경남,2015. 05,3356168,1690433,1665735
제주,2015. 05,613858,307946,305912
전국,2015. 06,51431100,25715304,25715796
서울,2015. 06,10078850,4962774,5116076
부산,2015. 06,3517491,1737975,1779516
대구,2015. 06,2491137,1239275,1251862
인천,2015. 06,2914271,1464320,1449951
광주,2015. 06,1476974,731808,745166
대전,2015. 06,1525656,763262,762394
울산,2015. 06,1169768,602945,566823
세종,2015. 06,185212,93058,92154
경기,2015. 06,12432063,6256986,6175077
강원,2015. 06,1547166,780487,766679
충북,2015. 06,1582181,797908,784273
충남,2015. 06,2068444,1049546,1018898
전북,2015. 06,1869668,930224,939444
전남,2015. 06,1902638,950693,951945
경북,2015. 06,2697791,1354618,1343173
경남,2015. 06,3356540,1690798,1665742
제주,2015. 06,615250,308627,306623
전국,2015. 07,51448183,25722769,25725414
서울,2015. 07,10071654,4958550,5113104
부산,2015. 07,3518955,1738689,1780266
대구,2015. 07,2490799,1239093,1251706
인천,2015. 07,2916719,1465476,1451243
광주,2015. 07,1476716,731692,745024
대전,2015. 07,1525195,763038,762157
울산,2015. 07,1170232,603148,567084
세종,2015. 07,189478,95131,94347
경기,2015. 07,12444924,6263282,6181642
강원,2015. 07,1547737,780890,766847
충북,2015. 07,1581840,797741,784099
충남,2015. 07,2069109,1049886,1019223
전북,2015. 07,1869354,929977,939377
전남,2015. 07,1903046,950924,952122
경북,2015. 07,2698899,1355087,1343812
경남,2015. 07,3356488,1690690,1665798
제주,2015. 07,617038,309475,307563
전국,2015. 08,51465228,25730212,25735016
서울,2015. 08,10063197,4953797,5109400
부산,2015. 08,3517907,1738010,1779897
대구,2015. 08,2490621,1238966,1251655
인천,2015. 08,2918982,1466588,1452394
광주,2015. 08,1476152,731412,744740
대전,2015. 08,1524025,762347,761678
울산,2015. 08,1170640,603331,567309
세종,2015. 08,194173,97435,96738
경기,2015. 08,12460604,6271034,6189570
강원,2015. 08,1547646,780655,766991
충북,2015. 08,1581792,797758,784034
충남,2015. 08,2071333,1051093,1020240
전북,2015. 08,1869025,929786,939239
전남,2015. 08,1903609,951080,952529
경북,2015. 08,2699955,1355736,1344219
경남,2015. 08,3357120,1690969,1666151
제주,2015. 08,618447,310215,308232
전국,2015. 09,51482816,25738014,25744802
서울,2015. 09,10055027,4949180,5105847
부산,2015. 09,3516704,1737350,1779354
대구,2015. 09,2490584,1238902,1251682
인천,2015. 09,2920938,1467490,1453448
광주,2015. 09,1475590,731096,744494
대전,2015. 09,1523338,761961,761377
울산,2015. 09,1170980,603516,567464
세종,2015. 09,197964,99317,98647
경기,2015. 09,12475565,6278190,6197375
강원,2015. 09,1548082,780890,767192
충북,2015. 09,1582080,797971,784109
충남,2015. 09,2072314,1051681,1020633
전북,2015. 09,1869255,929975,939280
전남,2015. 09,1904402,951404,952998
경북,2015. 09,2700461,1355977,1344484
경남,2015. 09,3359523,1692102,1667421
제주,2015. 09,620009,311012,308997
전국,2015. 10,51500986,25746132,25754854
서울,2015. 10,10045027,4943565,5101462
부산,2015. 10,3515689,1736778,1778911
대구,2015. 10,2489847,1238374,1251473
인천,2015. 10,2923030,1468473,1454557
광주,2015. 10,1474603,730729,743874
대전,2015. 10,1522288,761366,760922
울산,2015. 10,1173050,604638,568412
세종,2015. 10,202214,101444,100770
경기,2015. 10,12491080,6285999,6205081
강원,2015. 10,1549221,781383,767838
충북,2015. 10,1582656,798230,784426
충남,2015. 10,2073340,1052186,1021154
전북,2015. 10,1869297,929906,939391
전남,2015. 10,1905616,951942,953674
경북,2015. 10,2700878,1356202,1344676
경남,2015. 10,3361489,1693050,1668439
제주,2015. 10,621661,311867,309794
전국,2015. 11,51515399,25752345,25763054
서울,2015. 11,10035597,4938482,5097115
부산,2015. 11,3514842,1736279,1778563
대구,2015. 11,2489339,1238044,1251295
인천,2015. 11,2924578,1469254,1455324
광주,2015. 11,1474910,730814,744096
대전,2015. 11,1521142,760818,760324
울산,2015. 11,1174051,605128,568923
세종,2015. 11,206044,103384,102660
경기,2015. 11,12504790,6291542,6213248
강원,2015. 11,1549178,781285,767893
충북,2015. 11,1583053,798498,784555
충남,2015. 11,2074956,1053086,1021870
전북,2015. 11,1869654,930163,939491
전남,2015. 11,1905373,952039,953334
경북,2015. 11,2702186,1356986,1345200
경남,2015. 11,3362754,1693925,1668829
제주,2015. 11,622952,312618,310334
전국,2015. 12,51529338,25758186,25771152
서울,2015. 12,10022181,4930943,5091238
부산,2015. 12,3513777,1735570,1778207
대구,2015. 12,2487829,1237291,1250538
인천,2015. 12,2925815,1469869,1455946
광주,2015. 12,1472199,729662,742537
대전,2015. 12,1518775,759778,758997
울산,2015. 12,1173534,604889,568645
세종,2015. 12,210884,105752,105132
경기,2015. 12,12522606,6299812,6222794
강원,2015. 12,1549507,781434,768073
충북,2015. 12,1583952,798896,785056
충남,2015. 12,2077649,1054439,1023210
전북,2015. 12,1869711,930255,939456
전남,2015. 12,1908996,953881,955115
경북,2015. 12,2702826,1357306,1345520
경남,2015. 12,3364702,1694981,1669721
제주,2015. 12,624395,313428,310967
전국,2016. 01,51541582,25763237,25778345
서울,2016. 01,10018537,4927897,5090640
부산,2016. 01,3513361,1735280,1778081
대구,2016. 01,2487823,1237155,1250668
인천,2016. 01,2927195,1470473,1456722
광주,2016. 01,1472802,729995,742807
대전,2016. 01,1518024,759361,758663
울산,2016. 01,1173568,604924,568644
세종,2016. 01,215418,108003,107415
경기,2016. 01,12536474,6306634,6229840
강원,2016. 01,1549193,781185,768008
충북,2016. 01,1583982,799002,784980
충남,2016. 01,2078572,1054997,1023575
전북,2016. 01,1868354,929631,938723
전남,2016. 01,1906904,952924,953980
경북,2016. 01,2701160,1356568,1344592
경남,2016. 01,3364764,1695187,1669577
제주,2016. 01,625451,314021,311430
전국,2016. 02,51555409,25769138,25786271
서울,2016. 02,10014261,4924977,5089284
부산,2016. 02,3513192,1734825,1778367
대구,2016. 02,2486589,1236386,1250203
인천,2016. 02,2928596,1471306,1457290
광주,2016. 02,1472153,729623,742530
대전,2016. 02,1517716,759269,758447
울산,2016. 02,1173143,604806,568337
세종,2016. 02,220108,110236,109872
경기,2016. 02,12551398,6313836,6237562
강원,2016. 02,1548016,780378,767638
충북,2016. 02,1583781,798964,784817
충남,2016. 02,2080030,1055845,1024185
전북,2016. 02,1867534,929265,938269
전남,2016. 02,1905700,952443,953257
경북,2016. 02,2701055,1356673,1344382
경남,2016. 02,3364695,1695300,1669395
제주,2016. 02,627442,315006,312436
전국,2016. 03,51569536,25775322,25794214
서울,2016. 03,10009588,4922103,5087485
부산,2016. 03,3512444,1734251,1778193
대구,2016. 03,2486059,1235985,1250074
인천,2016. 03,2929817,1471951,1457866
광주,2016. 03,1471618,729275,742343
대전,2016. 03,1517118,758806,758312
울산,2016. 03,1172959,604669,568290
세종,2016. 03,223461,111935,111526
경기,2016. 03,12565891,6321080,6244811
강원,2016. 03,1547845,780320,767525
충북,2016. 03,1584325,799332,784993
충남,2016. 03,2081092,1056529,1024563
전북,2016. 03,1866691,928678,938013
전남,2016. 03,1905239,952199,953040
경북,2016. 03,2701148,1356896,1344252
경남,2016. 03,3365021,1695287,1669734
제주,2016. 03,629220,316026,313194
전국,2016. 04,51584349,25781628,25802721
서울,2016. 04,10002979,4918312,5084667
부산,2016. 04,3511974,1733680,1778294
대구,2016. 04,2485663,1235606,1250057
인천,2016. 04,2932141,1472988,1459153
광주,2016. 04,1471819,729446,742373
대전,2016. 04,1516904,758719,758185
울산,2016. 04,1172925,604597,568328
세종,2016. 04,225488,112910,112578
경기,2016. 04,12578597,6327267,6251330
강원,2016. 04,1548170,780311,767859
충북,2016. 04,1585312,799906,785406
충남,2016. 04,2082319,1057262,1025057
전북,2016. 04,1866184,928445,937739
전남,2016. 04,1904917,952043,952874
경북,2016. 04,2701238,1356951,1344287
경남,2016. 04,3366658,1696142,1670516
제주,2016. 04,631061,317043,314018
전국,2016. 05,51601265,25788953,25812312
서울,2016. 05,9995784,4914078,5081706
부산,2016. 05,3510833,1733069,1777764
대구,2016. 05,2485134,1235130,1250004
인천,2016. 05,2933959,1473753,1460206
광주,2016. 05,1472317,729692,742625
대전,2016. 05,1516494,758476,758018
울산,2016. 05,1173147,604609,568538
세종,2016. 05,227972,114140,113832
경기,2016. 05,12594829,6335366,6259463
강원,2016. 05,1547821,779972,767849
충북,2016. 05,1586414,800446,785968
충남,2016. 05,2084034,1058225,1025809
전북,2016. 05,1865634,928228,937406
전남,2016. 05,1904449,951810,952639
경북,2016. 05,2701912,1357450,1344462
경남,2016. 05,3367730,1696633,1671097
제주,2016. 05,632802,317876,314926
전국,2016. 06,51619330,25796204,25823126
서울,2016. 06,9989795,4910202,5079593
부산,2016. 06,3509462,1732157,1777305
대구,2016. 06,2484864,1234964,1249900
인천,2016. 06,2935314,1474326,1460988
광주,2016. 06,1472285,729664,742621
대전,2016. 06,1516208,758452,757756
울산,2016. 06,1173143,604551,568592
세종,2016. 06,230327,115280,115047
경기,2016. 06,12610877,6343196,6267681
강원,2016. 06,1548603,780435,768168
충북,2016. 06,1586943,800667,786276
충남,2016. 06,2085844,1058954,1026890
전북,2016. 06,1865900,928343,937557
전남,2016. 06,1904314,951725,952589
경북,2016. 06,2702385,1357622,1344763
경남,2016. 06,3368792,1697082,1671710
제주,2016. 06,634274,318584,315690
전국,2016. 07,51634618,25802692,25831926
서울,2016. 07,9981673,4905463,5076210
부산,2016. 07,3508095,1731316,1776779
대구,2016. 07,2484856,1234931,1249925
인천,2016. 07,2937217,1475180,1462037
광주,2016. 07,1472481,729777,742704
대전,2016. 07,1516291,758416,757875
울산,2016. 07,1173066,604421,568645
세종,2016. 07,232117,116166,115951
경기,2016. 07,12629325,6352625,6276700
강원,2016. 07,1548636,780330,768306
충북,2016. 07,1587539,801084,786455
충남,2016. 07,2086737,1059341,1027396
전북,2016. 07,1865612,928137,937475
전남,2016. 07,1903692,951462,952230
경북,2016. 07,2702210,1357371,1344839
경남,2016. 07,3369271,1697255,1672016
제주,2016. 07,635800,319417,316383
전국,2016. 08,51649552,25809031,25840521
서울,2016. 08,9971111,4899436,5071675
부산,2016. 08,3507205,1730551,1776654
대구,2016. 08,2485537,1235156,1250381
인천,2016. 08,2938902,1475913,1462989
광주,2016. 08,1472432,729733,742699
대전,2016. 08,1516165,758396,757769
울산,2016. 08,1173005,604325,568680
세종,2016. 08,234510,117375,117135
경기,2016. 08,12649894,6363048,6286846
강원,2016. 08,1548844,780401,768443
충북,2016. 08,1588025,801415,786610
충남,2016. 08,2088268,1060228,1028040
전북,2016. 08,1865232,927897,937335
전남,2016. 08,1902883,951102,951781
경북,2016. 08,2701293,1356859,1344434
경남,2016. 08,3369074,1697047,1672027
제주,2016. 08,637172,320149,317023
전국,2016. 09,51664244,25815202,25849042
서울,2016. 09,9964291,4895508,5068783
부산,2016. 09,3505821,1729643,1776178
대구,2016. 09,2485692,1235200,1250492
인천,2016. 09,2940436,1476418,1464018
광주,2016. 09,1472379,729673,742706
대전,2016. 09,1516241,758289,757952
울산,2016. 09,1172965,604227,568738
세종,2016. 09,236134,118206,117928
경기,2016. 09,12666278,6371378,6294900
강원,2016. 09,1549483,780675,768808
충북,2016. 09,1588548,801655,786893
충남,2016. 09,2089831,1061077,1028754
전북,2016. 09,1864729,927682,937047
전남,2016. 09,1902077,950653,951424
경북,2016. 09,2701445,1356958,1344487
경남,2016. 09,3369695,1697285,1672410
제주,2016. 09,638199,320675,317524
전국,2016. 10,51677054,25820488,25856566
서울,2016. 10,9954791,4890007,5064784
부산,2016. 10,3503789,1728422,1775367
대구,2016. 10,2485484,1234986,1250498
인천,2016. 10,2941793,1477015,1464778
광주,2016. 10,1471911,729485,742426
대전,2016. 10,1515787,758013,757774
울산,2016. 10,1173178,604248,568930
세종,2016. 10,238533,119398,119135
경기,2016. 10,12683730,6380142,6303588
강원,2016. 10,1550021,780889,769132
충북,2016. 10,1589268,802058,787210
충남,2016. 10,2091626,1061988,1029638
전북,2016. 10,1864043,927284,936759
전남,2016. 10,1902022,950660,951362
경북,2016. 10,2700957,1356799,1344158
경남,2016. 10,3370815,1697809,1673006
제주,2016. 10,639306,321285,318021
전국,2016. 11,51687682,25824429,25863253
서울,2016. 11,9943333,4883805,5059528
부산,2016. 11,3501671,1727358,1774313
대구,2016. 11,2485535,1234750,1250785
인천,2016. 11,2942613,1477356,1465257
광주,2016. 11,1471384,729254,742130
대전,2016. 11,1515394,757902,757492
울산,2016. 11,1172891,604119,568772
세종,2016. 11,240560,120343,120217
경기,2016. 11,12699920,6387398,6312522
강원,2016. 11,1550209,780924,769285
충북,2016. 11,1590537,802676,787861
충남,2016. 11,2093838,1063162,1030676
전북,2016. 11,1864475,927460,937015
전남,2016. 11,1902260,950824,951436
경북,2016. 11,2700843,1356932,1343911
경남,2016. 11,3371731,1698180,1673551
제주,2016. 11,640488,321986,318502
전국,2016. 12,51696216,25827594,25868622
서울,2016. 12,9930616,4876789,5053827
부산,2016. 12,3498529,1725607,1772922
대구,2016. 12,2484557,1234169,1250388
인천,2016. 12,2943069,1477671,1465398
광주,2016. 12,1469214,728137,741077
대전,2016. 12,1514370,757289,757081
울산,2016. 12,1172304,603797,568507
세종,2016. 12,243048,121505,121543
경기,2016. 12,12716780,6395453,6321327
강원,2016. 12,1550806,781146,769660
충북,2016. 12,1591625,803240,788385
충남,2016. 12,2096727,1064765,1031962
전북,2016. 12,1864791,927505,937286
전남,2016. 12,1903914,951889,952025
경북,2016. 12,2700398,1356868,1343530
경남,2016. 12,3373871,1699219,1674652
제주,2016. 12,641597,322545,319052
전국,2017. 01,51704332,25830890,25873442
서울,2017. 01,9930478,4875745,5054733
부산,2017. 01,3496779,1724481,1772298
대구,2017. 01,2484688,1234155,1250533
인천,2017. 01,2944009,1478103,1465906
광주,2017. 01,1469583,728408,741175
대전,2017. 01,1514354,757142,757212
울산,2017. 01,1171656,603471,568185
세종,2017. 01,244939,122451,122488
경기,2017. 01,12728620,6401310,6327310
강원,2017. 01,1549212,780219,768993
충북,2017. 01,1591674,803295,788379
충남,2017. 01,2097406,1065288,1032118
전북,2017. 01,1863298,926821,936477
전남,2017. 01,1902380,951308,951072
경북,2017. 01,2698803,1356260,1342543
경남,2017. 01,3374065,1699430,1674635
제주,2017. 01,642388,323003,319385
전국,2017. 02,51712221,25833963,25878258
서울,2017. 02,9931412,4874839,5056573
부산,2017. 02,3495478,1723568,1771910
대구,2017. 02,2484578,1233889,1250689
인천,2017. 02,2944266,1478113,1466153
광주,2017. 02,1468527,727870,740657
대전,2017. 02,1513877,756811,757066
울산,2017. 02,1169957,602577,567380
세종,2017. 02,247600,123761,123839
경기,2017. 02,12741266,6408014,6333252
강원,2017. 02,1548252,779796,768456
충북,2017. 02,1592001,803533,788468
충남,2017. 02,2099924,1066697,1033227
전북,2017. 02,1861955,926100,935855
전남,2017. 02,1900797,950622,950175
경북,2017. 02,2696329,1355368,1340961
경남,2017. 02,3372266,1698621,1673645
제주,2017. 02,643736,323784,319952
전국,2017. 03,51714935,25833566,25881369
서울,2017. 03,9926968,4871560,5055408
부산,2017. 03,3493041,1721829,1771212
대구,2017. 03,2483488,1232979,1250509
인천,2017. 03,2944630,1478115,1466515
광주,2017. 03,1467766,727352,740414
대전,2017. 03,1512189,755931,756258
울산,2017. 03,1168843,601926,566917
세종,2017. 03,251178,125524,125654
경기,2017. 03,12753983,6414903,6339080
강원,2017. 03,1547735,779542,768193
충북,2017. 03,1591697,803490,788207
충남,2017. 03,2102327,1068132,1034195
전북,2017. 03,1860485,925364,935121
전남,2017. 03,1899441,949774,949667
경북,2017. 03,2694544,1354401,1340143
경남,2017. 03,3371696,1698309,1673387
제주,2017. 03,644924,324435,320489
전국,2017. 04,51722903,25836516,25886387
서울,2017. 04,9922745,4868367,5054378
부산,2017. 04,3491282,1720874,1770408
대구,2017. 04,2483105,1232641,1250464
인천,2017. 04,2945305,1478356,1466949
광주,2017. 04,1467002,726707,740295
대전,2017. 04,1511396,755507,755889
울산,2017. 04,1168501,601623,566878
세종,2017. 04,254112,126951,127161
경기,2017. 04,12763961,6419893,6344068
강원,2017. 04,1547579,779608,767971
충북,2017. 04,1592492,804037,788455
충남,2017. 04,2104463,1069348,1035115
전북,2017. 04,1859703,925005,934698
전남,2017. 04,1899604,950175,949429
경북,2017. 04,2693810,1354089,1339721
경남,2017. 04,3371703,1698224,1673479
제주,2017. 04,646140,325111,321029
전국,2017. 05,51732586,25840361,25892225
서울,2017. 05,9919016,4865778,5053238
부산,2017. 05,3489212,1719792,1769420
대구,2017. 05,2482476,1232194,1250282
인천,2017. 05,2946270,1478780,1467490
광주,2017. 05,1466741,726559,740182
대전,2017. 05,1509587,754432,755155
울산,2017. 05,1167960,601244,566716
세종,2017. 05,259157,129481,129676
경기,2017. 05,12775175,6425769,6349406
강원,2017. 05,1547453,779367,768086
충북,2017. 05,1592573,804119,788454
충남,2017. 05,2105959,1070198,1035761
전북,2017. 05,1858927,924625,934302
전남,2017. 05,1899088,949931,949157
경북,2017. 05,2692859,1353724,1339135
경남,2017. 05,3372586,1698498,1674088
제주,2017. 05,647547,325870,321677
전국,2017. 06,51736224,25840911,25895313
서울,2017. 06,9914381,4862573,5051808
부산,2017. 06,3486570,1718263,1768307
대구,2017. 06,2481985,1231735,1250250
인천,2017. 06,2946915,1479099,1467816
광주,2017. 06,1466451,726451,740000
대전,2017. 06,1508137,753814,754323
울산,2017. 06,1167525,600925,566600
세종,2017. 06,263056,131391,131665
경기,2017. 06,12783741,6430216,6353525
강원,2017. 06,1547829,779669,768160
충북,2017. 06,1592634,804151,788483
충남,2017. 06,2107562,1071202,1036360
전북,2017. 06,1857815,924014,933801
전남,2017. 06,1898065,949266,948799
경북,2017. 06,2691727,1353079,1338648
경남,2017. 06,3373334,1698655,1674679
제주,2017. 06,648497,326408,322089
전국,2017. 07,51744948,25844117,25900831
서울,2017. 07,9908612,4859039,5049573
부산,2017. 07,3484836,1717283,1767553
대구,2017. 07,2481489,1231358,1250131
인천,2017. 07,2947803,1479560,1468243
광주,2017. 07,1466415,726563,739852
대전,2017. 07,1507597,753555,754042
울산,2017. 07,1166942,600568,566374
세종,2017. 07,266075,132913,133162
경기,2017. 07,12795378,6436130,6359248
강원,2017. 07,1547387,779242,768145
충북,2017. 07,1592817,804225,788592
충남,2017. 07,2109230,1072094,1037136
전북,2017. 07,1856921,923537,933384
전남,2017. 07,1897681,948948,948733
경북,2017. 07,2690974,1352630,1338344
경남,2017. 07,3374601,1699166,1675435
제주,2017. 07,650190,327306,322884
전국,2017. 08,51753820,25847379,25906441
서울,2017. 08,9902072,4855013,5047059
부산,2017. 08,3484183,1716630,1767553
대구,2017. 08,2479887,1230481,1249406
인천,2017. 08,2948014,1479582,1468432
광주,2017. 08,1466642,726678,739964
대전,2017. 08,1507116,753326,753790
울산,2017. 08,1165909,600002,565907
세종,2017. 08,269102,134395,134707
경기,2017. 08,12810014,6443859,6366155
강원,2017. 08,1547455,779280,768175
충북,2017. 08,1593022,804272,788750
충남,2017. 08,2111419,1073294,1038125
전북,2017. 08,1855985,923000,932985
전남,2017. 08,1895974,947994,947980
경북,2017. 08,2690671,1352403,1338268
경남,2017. 08,3374467,1698991,1675476
제주,2017. 08,651888,328179,323709
전국,2017. 09,51762492,25850675,25911817
서울,2017. 09,9891448,4849195,5042253
부산,2017. 09,3482804,1715622,1767182
대구,2017. 09,2478236,1229570,1248666
인천,2017. 09,2947298,1479115,1468183
광주,2017. 09,1466639,726714,739925
대전,2017. 09,1506741,753133,753608
울산,2017. 09,1165385,599679,565706
세종,2017. 09,271410,135548,135862
경기,2017. 09,12827633,6452524,6375109
강원,2017. 09,1547768,779506,768262
충북,2017. 09,1593313,804367,788946
충남,2017. 09,2113033,1074196,1038837
전북,2017. 09,1855450,922805,932645
전남,2017. 09,1895233,947586,947647
경북,2017. 09,2691502,1352777,1338725
경남,2017. 09,3375329,1699428,1675901
제주,2017. 09,653270,328910,324360
전국,2017. 10,51769092,25852884,25916208
서울,2017. 10,9882810,4844555,5038255
부산,2017. 10,3478109,1713314,1764795
대구,2017. 10,2477186,1228943,1248243
인천,2017. 10,2948098,1479406,1468692
광주,2017. 10,1466716,726768,739948
대전,2017. 10,1505829,752671,753158
울산,2017. 10,1165528,599733,565795
세종,2017. 10,274092,136880,137212
경기,2017. 10,12841321,6459082,6382239
강원,2017. 10,1547999,779517,768482
충북,2017. 10,1593577,804466,789111
충남,2017. 10,2114284,1074987,1039297
전북,2017. 10,1854688,922381,932307
전남,2017. 10,1894676,947281,947395
경북,2017. 10,2691794,1352966,1338828
경남,2017. 10,3377635,1700251,1677384
제주,2017. 10,654750,329683,325067
전국,2017. 11,51774649,25854608,25920041
서울,2017. 11,9870167,4837345,5032822
부산,2017. 11,3474534,1711398,1763136
대구,2017. 11,2476557,1228498,1248059
인천,2017. 11,2948241,1479495,1468746
광주,2017. 11,1466328,726603,739725
대전,2017. 11,1504307,752025,752282
울산,2017. 11,1165317,599543,565774
세종,2017. 11,276879,138275,138604
경기,2017. 11,12858161,6467553,6390608
강원,2017. 11,1549344,780143,769201
충북,2017. 11,1594005,804791,789214
충남,2017. 11,2115586,1075610,1039976
전북,2017. 11,1853886,921918,931968
전남,2017. 11,1894426,947179,947247
경북,2017. 11,2691878,1353108,1338770
경남,2017. 11,3379020,1700819,1678201
제주,2017. 11,656013,330305,325708
전국,2017. 12,51778544,25855919,25922625
서울,2017. 12,9857426,4830206,5027220
부산,2017. 12,3470653,1709508,1761145
대구,2017. 12,2475231,1227814,1247417
인천,2017. 12,2948542,1479597,1468945
광주,2017. 12,1463770,725295,738475
대전,2017. 12,1502227,750969,751258
울산,2017. 12,1165132,599480,565652
세종,2017. 12,280100,139734,140366
경기,2017. 12,12873895,6475323,6398572
강원,2017. 12,1550142,780635,769507
충북,2017. 12,1594432,805091,789341
충남,2017. 12,2116770,1076270,1040500
전북,2017. 12,1854607,922307,932300
전남,2017. 12,1896424,948290,948134
경북,2017. 12,2691706,1353164,1338542
경남,2017. 12,3380404,1701413,1678991
제주,2017. 12,657083,330823,326260
전국,2018. 01,51779148,25855611,25923537
서울,2018. 01,9851767,4826345,5025422
부산,2018. 01,3467055,1707568,1759487
대구,2018. 01,2474309,1227177,1247132
인천,2018. 01,2950771,1480645,1470126
광주,2018. 01,1464037,725343,738694
대전,2018. 01,1501378,750415,750963
울산,2018. 01,1164489,599243,565246
세종,2018. 01,283198,141253,141945
경기,2018. 01,12890445,6483951,6406494
강원,2018. 01,1548078,779669,768409
충북,2018. 01,1593903,804965,788938
충남,2018. 01,2117685,1076905,1040780
전북,2018. 01,1851694,920846,930848
전남,2018. 01,1893444,947078,946366
경북,2018. 01,2688747,1351679,1337068
경남,2018. 01,3379981,1701185,1678796
제주,2018. 01,658167,331344,326823
전국,2018. 02,51779892,25855513,25924379
서울,2018. 02,9845336,4822071,5023265
부산,2018. 02,3465407,1706589,1758818
대구,2018. 02,2473466,1226725,1246741
인천,2018. 02,2951629,1480921,1470708
광주,2018. 02,1463100,724918,738182
대전,2018. 02,1499187,749331,749856
울산,2018. 02,1163151,598625,564526
세종,2018. 02,288079,143601,144478
경기,2018. 02,12908010,6492392,6415618
강원,2018. 02,1546259,778731,767528
충북,2018. 02,1594066,805256,788810
충남,2018. 02,2118099,1077315,1040784
전북,2018. 02,1849543,919935,929608
전남,2018. 02,1891308,946285,945023
경북,2018. 02,2685633,1350367,1335266
경남,2018. 02,3378430,1700579,1677851
제주,2018. 02,659189,331872,327317
전국,2018. 03,51784669,25856654,25928015
서울,2018. 03,9838892,4817507,5021385
부산,2018. 03,3463103,1705182,1757921
대구,2018. 03,2472175,1225877,1246298
인천,2018. 03,2951442,1480773,1470669
광주,2018. 03,1462033,724187,737846
대전,2018. 03,1497572,748488,749084
울산,2018. 03,1162074,598049,564025
세종,2018. 03,291182,145235,145947
경기,2018. 03,12925761,6501263,6424498
강원,2018. 03,1546152,778648,767504
충북,2018. 03,1594708,805800,788908
충남,2018. 03,2119468,1078219,1041249
전북,2018. 03,1848066,919121,928945
전남,2018. 03,1890423,946095,944328
경북,2018. 03,2683661,1349665,1333996
경남,2018. 03,3377516,1700053,1677463
제주,2018. 03,660441,332492,327949
전국,2018. 04,51790131,25857963,25932168
서울,2018. 04,9830452,4812514,5017938
부산,2018. 04,3460707,1703724,1756983
대구,2018. 04,2471136,1225216,1245920
인천,2018. 04,2952476,1481221,1471255
광주,2018. 04,1460972,723604,737368
대전,2018. 04,1496123,747775,748348
울산,2018. 04,1161303,597654,563649
세종,2018. 04,295041,147180,147861
경기,2018. 04,12941604,6509171,6432433
강원,2018. 04,1545452,778213,767239
충북,2018. 04,1595164,806193,788971
충남,2018. 04,2120666,1078780,1041886
전북,2018. 04,1847089,918599,928490
전남,2018. 04,1890412,946077,944335
경북,2018. 04,2682897,1349276,1333621
경남,2018. 04,3377126,1699703,1677423
제주,2018. 04,661511,333063,328448
전국,2018. 05,51796179,25859449,25936730
서울,2018. 05,9820971,4806841,5014130
부산,2018. 05,3458134,1702278,1755856
대구,2018. 05,2469936,1224529,1245407
인천,2018. 05,2953255,1481506,1471749
광주,2018. 05,1460564,723405,737159
대전,2018. 05,1495234,747264,747970
울산,2018. 05,1160657,597181,563476
세종,2018. 05,297604,148481,149123
경기,2018. 05,12958648,6517899,6440749
강원,2018. 05,1545291,777960,767331
충북,2018. 05,1595822,806654,789168
충남,2018. 05,2121618,1079334,1042284
전북,2018. 05,1846144,918074,928070
전남,2018. 05,1889726,945662,944064
경북,2018. 05,2682316,1348939,1333377
경남,2018. 05,3377626,1699839,1677787
제주,2018. 05,662633,333603,329030
전국,2018. 06,51801449,25861116,25940333
서울,2018. 06,9814049,4802769,5011280
부산,2018. 06,3455611,1700822,1754789
대구,2018. 06,2469617,1224126,1245491
인천,2018. 06,2953883,1481769,1472114
광주,2018. 06,1460745,723562,737183
대전,2018. 06,1494878,747071,747807
울산,2018. 06,1159594,596415,563179
세종,2018. 06,300332,149839,150493
경기,2018. 06,12975176,6526428,6448748
강원,2018. 06,1544843,777725,767118
충북,2018. 06,1595772,806666,789106
충남,2018. 06,2122220,1079667,1042553
전북,2018. 06,1844639,917256,927383
전남,2018. 06,1887991,944826,943165
경북,2018. 06,2681090,1348480,1332610
경남,2018. 06,3377483,1699688,1677795
제주,2018. 06,663526,334007,329519
전국,2018. 07,51806977,25862378,25944599
서울,2018. 07,9806538,4798255,5008283
부산,2018. 07,3453198,1699375,1753823
대구,2018. 07,2468824,1223541,1245283
인천,2018. 07,2953841,1481730,1472111
광주,2018. 07,1461203,723738,737465
대전,2018. 07,1495029,747070,747959
울산,2018. 07,1158847,595843,563004
세종,2018. 07,302703,151019,151684
경기,2018. 07,12993165,6535785,6457380
강원,2018. 07,1544258,777281,766977
충북,2018. 07,1596161,806982,789179
충남,2018. 07,2122531,1079820,1042711
전북,2018. 07,1843009,916418,926591
전남,2018. 07,1886297,944057,942240
경북,2018. 07,2679546,1347585,1331961
경남,2018. 07,3377248,1699357,1677891
제주,2018. 07,664579,334522,330057
전국,2018. 08,51812153,25863568,25948585
서울,2018. 08,9799075,4793529,5005546
부산,2018. 08,3451049,1698145,1752904
대구,2018. 08,2467385,1222651,1244734
인천,2018. 08,2953206,1481196,1472010
광주,2018. 08,1461463,723692,737771
대전,2018. 08,1494286,746684,747602
울산,2018. 08,1157964,595230,562734
세종,2018. 08,305648,152530,153118
경기,2018. 08,13012486,6545752,6466734
강원,2018. 08,1543668,776973,766695
충북,2018. 08,1596324,807234,789090
충남,2018. 08,2123368,1080268,1043100
전북,2018. 08,1841427,915644,925783
전남,2018. 08,1884285,943176,941109
경북,2018. 08,2678272,1346899,1331373
경남,2018. 08,3376730,1698931,1677799
제주,2018. 08,665517,335034,330483
전국,2018. 09,51817851,25865557,25952294
서울,2018. 09,9793003,4789821,5003182
부산,2018. 09,3449593,1697295,1752298
대구,2018. 09,2466454,1222113,1244341
인천,2018. 09,2953116,1481129,1471987
광주,2018. 09,1461790,723732,738058
대전,2018. 09,1493654,746335,747319
울산,2018. 09,1157420,594875,562545
세종,2018. 09,308068,153838,154230
경기,2018. 09,13027338,6553196,6474142
강원,2018. 09,1543780,777040,766740
충북,2018. 09,1596734,807503,789231
충남,2018. 09,2123776,1080494,1043282
전북,2018. 09,1840544,915289,925255
전남,2018. 09,1882637,942418,940219
경북,2018. 09,2677762,1346701,1331061
경남,2018. 09,3376031,1698457,1677574
제주,2018. 09,666151,335321,330830
전국,2018. 10,51821881,25866067,25955814
서울,2018. 10,9784112,4784674,4999438
부산,2018. 10,3446856,1695639,1751217
대구,2018. 10,2465145,1221295,1243850
인천,2018. 10,2953333,1481249,1472084
광주,2018. 10,1461904,723732,738172
대전,2018. 10,1492589,745709,746880
울산,2018. 10,1156917,594552,562365
세종,2018. 10,310403,155050,155353
경기,2018. 10,13045223,6561990,6483233
강원,2018. 10,1543441,776790,766651
충북,2018. 10,1597709,808059,789650
충남,2018. 10,2124524,1080957,1043567
전북,2018. 10,1839358,914658,924700
전남,2018. 10,1881420,941919,939501
경북,2018. 10,2676904,1346330,1330574
경남,2018. 10,3375357,1697945,1677412
제주,2018. 10,666686,335519,331167
전국,2018. 11,51824477,25866371,25958106
서울,2018. 11,9774088,4778917,4995171
부산,2018. 11,3444540,1694363,1750177
대구,2018. 11,2464002,1220652,1243350
인천,2018. 11,2953844,1481568,1472276
광주,2018. 11,1461009,723379,737630
대전,2018. 11,1491716,745257,746459
울산,2018. 11,1156260,594214,562046
세종,2018. 11,312103,155835,156268
경기,2018. 11,13061074,6569721,6491353
강원,2018. 11,1543556,776708,766848
충북,2018. 11,1598184,808309,789875
충남,2018. 11,2125409,1081439,1043970
전북,2018. 11,1838049,913986,924063
전남,2018. 11,1881518,942041,939477
경북,2018. 11,2677014,1346530,1330484
경남,2018. 11,3375047,1697756,1677291
제주,2018. 11,667064,335696,331368
전국,2018. 12,51826059,25866129,25959930
서울,2018. 12,9765623,4773899,4991724
부산,2018. 12,3441453,1692421,1749032
대구,2018. 12,2461769,1219342,1242427
인천,2018. 12,2954642,1481844,1472798
광주,2018. 12,1459336,722581,736755
대전,2018. 12,1489936,744338,745598
울산,2018. 12,1155623,593819,561804
세종,2018. 12,314126,156831,157295
경기,2018. 12,13077153,6577501,6499652
강원,2018. 12,1543052,776456,766596
충북,2018. 12,1599252,808971,790281
충남,2018. 12,2126282,1082009,1044273
전북,2018. 12,1836832,913297,923535
전남,2018. 12,1882970,943000,939970
경북,2018. 12,2676831,1346689,1330142
경남,2018. 12,3373988,1697412,1676576
제주,2018. 12,667191,335719,331472
전국,2019. 01,51826287,25865518,25960769
서울,2019. 01,9766288,4772822,4993466
부산,2019. 01,3438259,1690527,1747732
대구,2019. 01,2460382,1218478,1241904
인천,2019. 01,2955916,1482441,1473475
광주,2019. 01,1459832,722902,736930
대전,2019. 01,1488725,743851,744874
울산,2019. 01,1154786,593436,561350
세종,2019. 01,316814,158090,158724
경기,2019. 01,13090648,6584729,6505919
강원,2019. 01,1541693,775683,766010
충북,2019. 01,1599155,809020,790135
충남,2019. 01,2125797,1081976,1043821
전북,2019. 01,1834532,912117,922415
전남,2019. 01,1878904,941188,937716
경북,2019. 01,2674005,1345392,1328613
경남,2019. 01,3373214,1697053,1676161
제주,2019. 01,667337,335813,331524
전국,2019. 02,51829538,25866255,25963283
서울,2019. 02,9770638,4773605,4997033
부산,2019. 02,3436230,1689253,1746977
대구,2019. 02,2458138,1217209,1240929
인천,2019. 02,2956063,1482440,1473623
광주,2019. 02,1459208,722689,736519
대전,2019. 02,1487605,743135,744470
울산,2019. 02,1153735,592853,560882
세종,2019. 02,320326,159860,160466
경기,2019. 02,13104696,6592095,6512601
강원,2019. 02,1540445,774988,765457
충북,2019. 02,1598868,808975,789893
충남,2019. 02,2125372,1082148,1043224
전북,2019. 02,1832227,911110,921117
전남,2019. 02,1875862,939624,936238
경북,2019. 02,2671587,1344344,1327243
경남,2019. 02,3371016,1696062,1674954
제주,2019. 02,667522,335865,331657
전국,2019. 03,51833175,25866984,25966191
서울,2019. 03,9770216,4772134,4998082
부산,2019. 03,3434091,1687792,1746299
대구,2019. 03,2455829,1215750,1240079
인천,2019. 03,2956513,1482588,1473925
광주,2019. 03,1458930,722511,736419
대전,2019. 03,1486647,742647,744000
울산,2019. 03,1152800,592362,560438
세종,2019. 03,322693,161056,161637
경기,2019. 03,13116579,6598392,6518187
강원,2019. 03,1540488,775015,765473
충북,2019. 03,1598775,809060,789715
충남,2019. 03,2125778,1082428,1043350
전북,2019. 03,1830499,910221,920278
전남,2019. 03,1874232,938881,935351
경북,2019. 03,2671036,1344255,1326781
경남,2019. 03,3369949,1695666,1674283
제주,2019. 03,668120,336226,331894
전국,2019. 04,51836763,25867727,25969036
서울,2019. 04,9766886,4769474,4997412
부산,2019. 04,3431750,1686235,1745515
대구,2019. 04,2454154,1214640,1239514
인천,2019. 04,2956700,1482820,1473880
광주,2019. 04,1458940,722495,736445
대전,2019. 04,1485509,742095,743414
울산,2019. 04,1152293,592037,560256
세종,2019. 04,324417,161944,162473
경기,2019. 04,13129508,6605143,6524365
강원,2019. 04,1540794,775002,765792
충북,2019. 04,1599488,809567,789921
충남,2019. 04,2125912,1082520,1043392
전북,2019. 04,1829273,909550,919723
전남,2019. 04,1873183,938558,934625
경북,2019. 04,2670375,1343986,1326389
경남,2019. 04,3368933,1695232,1673701
제주,2019. 04,668648,336429,332219
전국,2019. 05,51840339,25868330,25972009
서울,2019. 05,9762062,4766085,4995977
부산,2019. 05,3429595,1684792,1744803
대구,2019. 05,2452291,1213494,1238797
인천,2019. 05,2957179,1483087,1474092
광주,2019. 05,1459003,722531,736472
대전,2019. 05,1484398,741504,742894
울산,2019. 05,1151685,591690,559995
세종,2019. 05,325777,162578,163199
경기,2019. 05,13145482,6613473,6532009
강원,2019. 05,1540776,774920,765856
충북,2019. 05,1599854,809825,790029
충남,2019. 05,2125732,1082499,1043233
전북,2019. 05,1827871,908824,919047
전남,2019. 05,1871718,937881,933837
경북,2019. 05,2669731,1343742,1325989
경남,2019. 05,3367857,1694688,1673169
제주,2019. 05,669328,336717,332611
전국,2019. 06,51842636,25868406,25974230
서울,2019. 06,9757144,4762711,4994433
부산,2019. 06,3427632,1683596,1744036
대구,2019. 06,2450478,1212450,1238028
인천,2019. 06,2957024,1482934,1474090
광주,2019. 06,1459024,722559,736465
대전,2019. 06,1482938,740834,742104
울산,2019. 06,1151301,591449,559852
세종,2019. 06,327643,163528,164115
경기,2019. 06,13159178,6620514,6538664
강원,2019. 06,1540855,774923,765932
충북,2019. 06,1599650,809776,789874
충남,2019. 06,2125855,1082597,1043258
전북,2019. 06,1826717,908163,918554
전남,2019. 06,1870587,937429,933158
경북,2019. 06,2669850,1343822,1326028
경남,2019. 06,3366989,1694177,1672812
제주,2019. 06,669771,336944,332827
전국,2019. 07,51845612,25868638,25976974
서울,2019. 07,9751415,4759105,4992310
부산,2019. 07,3425317,1682209,1743108
대구,2019. 07,2448666,1211432,1237234
인천,2019. 07,2956828,1482651,1474177
광주,2019. 07,1459486,722801,736685
대전,2019. 07,1481701,740227,741474
울산,2019. 07,1150891,591161,559730
세종,2019. 07,330298,164832,165466
경기,2019. 07,13176011,6629105,6546906
강원,2019. 07,1540714,774779,765935
충북,2019. 07,1599368,809760,789608
충남,2019. 07,2125349,1082259,1043090
전북,2019. 07,1825381,907522,917859
전남,2019. 07,1868856,936541,932315
경북,2019. 07,2668836,1343416,1325420
경남,2019. 07,3366286,1693730,1672556
제주,2019. 07,670209,337108,333101
전국,2019. 08,51847538,25868377,25979161
서울,2019. 08,9744888,4754998,4989890
부산,2019. 08,3423209,1681015,1742194
대구,2019. 08,2446745,1210476,1236269
인천,2019. 08,2956525,1482375,1474150
광주,2019. 08,1459438,722608,736830
대전,2019. 08,1480520,739595,740925
울산,2019. 08,1150294,590889,559405
세종,2019. 08,332098,165740,166358
경기,2019. 08,13193943,6638077,6555866
강원,2019. 08,1540780,774790,765990
충북,2019. 08,1599402,809905,789497
충남,2019. 08,2125160,1082231,1042929
전북,2019. 08,1823982,906743,917239
전남,2019. 08,1867094,935765,931329
경북,2019. 08,2667657,1342782,1324875
경남,2019. 08,3365282,1693182,1672100
제주,2019. 08,670521,337206,333315
전국,2019. 09,51849253,25868023,25981230
서울,2019. 09,9740398,4751696,4988702
부산,2019. 09,3421502,1679894,1741608
대구,2019. 09,2445270,1209564,1235706
인천,2019. 09,2956804,1482453,1474351
광주,2019. 09,1459632,722595,737037
대전,2019. 09,1479641,739110,740531
울산,2019. 09,1149873,590619,559254
세종,2019. 09,333757,166548,167209
경기,2019. 09,13207219,6644899,6562320
강원,2019. 09,1540721,774707,766014
충북,2019. 09,1599339,809857,789482
충남,2019. 09,2124855,1082219,1042636
전북,2019. 09,1822883,906185,916698
전남,2019. 09,1865915,935364,930551
경북,2019. 09,2666795,1342456,1324339
경남,2019. 09,3364039,1692600,1671439
제주,2019. 09,670610,337257,333353
전국,2019. 10,51850705,25867179,25983526
서울,2019. 10,9736289,4749055,4987234
부산,2019. 10,3418871,1678363,1740508
대구,2019. 10,2443528,1208429,1235099
인천,2019. 10,2956984,1482413,1474571
광주,2019. 10,1459360,722448,736912
대전,2019. 10,1478436,738400,740036
울산,2019. 10,1149409,590332,559077
세종,2019. 10,336356,167810,168546
경기,2019. 10,13218912,6650459,6568453
강원,2019. 10,1540897,774848,766049
충북,2019. 10,1599499,809928,789571
충남,2019. 10,2124619,1082171,1042448
전북,2019. 10,1821813,905592,916221
전남,2019. 10,1865039,934993,930046
경북,2019. 10,2666072,1342074,1323998
경남,2019. 10,3363883,1692582,1671301
제주,2019. 10,670738,337282,333456
전국,2019. 11,51851427,25866604,25984823
서울,2019. 11,9732577,4746636,4985941
부산,2019. 11,3416721,1677165,1739556
대구,2019. 11,2441581,1207318,1234263
인천,2019. 11,2957249,1482519,1474730
광주,2019. 11,1458915,722168,736747
대전,2019. 11,1476955,737607,739348
울산,2019. 11,1148922,590098,558824
세종,2019. 11,338647,168916,169731
경기,2019. 11,13228177,6654571,6573606
강원,2019. 11,1541399,775250,766149
충북,2019. 11,1599651,810187,789464
충남,2019. 11,2124302,1082030,1042272
전북,2019. 11,1820799,905017,915782
전남,2019. 11,1865588,935574,930014
경북,2019. 11,2665775,1341962,1323813
경남,2019. 11,3363274,1692247,1671027
제주,2019. 11,670895,337339,333556
전국,2019. 12,51849861,25864816,25985045
서울,2019. 12,9729107,4744059,4985048
부산,2019. 12,3413841,1675417,1738424
대구,2019. 12,2438031,1205286,1232745
인천,2019. 12,2957026,1482249,1474777
광주,2019. 12,1456468,720740,735728
대전,2019. 12,1474870,736607,738263
울산,2019. 12,1148019,589712,558307
세종,2019. 12,340575,169845,170730
경기,2019. 12,13239666,6659995,6579671
강원,2019. 12,1541502,775386,766116
충북,2019. 12,1600007,810384,789623
충남,2019. 12,2123709,1081938,1041771
전북,2019. 12,1818917,904110,914807
전남,2019. 12,1868745,937674,931071
경북,2019. 12,2665836,1342037,1323799
경남,2019. 12,3362553,1692032,1670521
제주,2019. 12,670989,337345,333644
전국,2020. 01,51847509,25862863,25984646
서울,2020. 01,9733509,4745088,4988421
부산,2020. 01,3411819,1674202,1737617
대구,2020. 01,2436488,1204387,1232101
인천,2020. 01,2956119,1481749,1474370
광주,2020. 01,1456688,720931,735757
대전,2020. 01,1474152,736259,737893
울산,2020. 01,1147037,589233,557804
세종,2020. 01,342328,170729,171599
경기,2020. 01,13250368,6665310,6585058
강원,2020. 01,1540540,774866,765674
충북,2020. 01,1599391,810129,789262
충남,2020. 01,2122455,1081552,1040903
전북,2020. 01,1817302,903385,913917
전남,2020. 01,1864712,935962,928750
경북,2020. 01,2662508,1340346,1322162
경남,2020. 01,3361344,1691504,1669840
제주,2020. 01,670749,337231,333518
전국,2020. 02,51844627,25860491,25984136
서울,2020. 02,9736962,4745133,4991829
부산,2020. 02,3410925,1673266,1737659
대구,2020. 02,2432883,1202364,1230519
인천,2020. 02,2954955,1481133,1473822
광주,2020. 02,1456121,720686,735435
대전,2020. 02,1473125,735791,737334
울산,2020. 02,1145710,588626,557084
세종,2020. 02,343788,171403,172385
경기,2020. 02,13265377,6672706,6592671
강원,2020. 02,1539521,774358,765163
충북,2020. 02,1598599,809805,788794
충남,2020. 02,2120995,1081153,1039842
전북,2020. 02,1815112,902365,912747
전남,2020. 02,1861894,934900,926994
경북,2020. 02,2658956,1338907,1320049
경남,2020. 02,3358828,1690600,1668228
제주,2020. 02,670876,337295,333581
전국,2020. 03,51843195,25858743,25984452
서울,2020. 03,9733655,4742217,4991438
부산,2020. 03,3409932,1672252,1737680
대구,2020. 03,2433568,1202273,1231295
인천,2020. 03,2952689,1479839,1472850
광주,2020. 03,1455705,720460,735245
대전,2020. 03,1471858,735179,736679
울산,2020. 03,1144563,588127,556436
세종,2020. 03,344792,171951,172841
경기,2020. 03,13288975,6684759,6604216
강원,2020. 03,1538577,773983,764594
충북,2020. 03,1597639,809369,788270
충남,2020. 03,2119749,1080705,1039044
전북,2020. 03,1812936,901252,911684
전남,2020. 03,1859290,933896,925394
경북,2020. 03,2653418,1336289,1317129
경남,2020. 03,3355341,1689137,1666204
제주,2020. 03,670508,337055,333453
전국,2020. 04,51842524,25857509,25985015
서울,2020. 04,9726787,4737843,4988944
부산,2020. 04,3408347,1671199,1737148
대구,2020. 04,2431523,1200899,1230624
인천,2020. 04,2950972,1478916,1472056
광주,2020. 04,1456096,720536,735560
대전,2020. 04,1471650,734902,736748
울산,2020. 04,1144098,587902,556196
세종,2020. 04,345216,172176,173040
경기,2020. 04,13311254,6696531,6614723
강원,2020. 04,1537780,773468,764312
충북,2020. 04,1596613,809005,787608
충남,2020. 04,2118457,1080256,1038201
전북,2020. 04,1811619,900628,910991
전남,2020. 04,1857083,932970,924113
경북,2020. 04,2651054,1334981,1316073
경남,2020. 04,3353380,1688178,1665202
제주,2020. 04,670595,337119,333476
전국,2020. 05,51841371,25856030,25985341
서울,2020. 05,9724496,4735431,4989065
부산,2020. 05,3406942,1670175,1736767
대구,2020. 05,2429059,1199504,1229555
인천,2020. 05,2950063,1478307,1471756
광주,2020. 05,1455533,720300,735233
대전,2020. 05,1471915,734940,736975
울산,2020. 05,1143148,587434,555714
세종,2020. 05,345373,172269,173104
경기,2020. 05,13324041,6703603,6620438
강원,2020. 05,1538639,773923,764716
충북,2020. 05,1596710,809114,787596
충남,2020. 05,2118510,1080425,1038085
전북,2020. 05,1810097,899894,910203
전남,2020. 05,1855945,932496,923449
경북,2020. 05,2648760,1333815,1314945
경남,2020. 05,3351347,1687289,1664058
제주,2020. 05,670793,337111,333682
전국,2020. 06,51839408,25853937,25985471
서울,2020. 06,9720846,4732275,4988571
부산,2020. 06,3404423,1668618,1735805
대구,2020. 06,2427954,1198815,1229139
인천,2020. 06,2947217,1476813,1470404
광주,2020. 06,1455048,720060,734988
대전,2020. 06,1471040,734441,736599
울산,2020. 06,1142190,586939,555251
세종,2020. 06,345341,172234,173107
경기,2020. 06,13338020,6711047,6626973
강원,2020. 06,1539282,774325,764957
충북,2020. 06,1597593,809657,787936
충남,2020. 06,2119771,1081224,1038547
전북,2020. 06,1808802,899137,909665
전남,2020. 06,1854618,931898,922720
경북,2020. 06,2646493,1332780,1313713
경남,2020. 06,3349454,1686331,1663123
제주,2020. 06,671316,337343,333973
전국,2020. 07,51839852,25852796,25987056
서울,2020. 07,9715429,4728872,4986557
부산,2020. 07,3402776,1667613,1735163
대구,2020. 07,2428022,1198621,1229401
인천,2020. 07,2945565,1475837,1469728
광주,2020. 07,1454709,719860,734849
대전,2020. 07,1470225,734008,736217
울산,2020. 07,1141362,586533,554829
세종,2020. 07,346217,172660,173557
경기,2020. 07,13351891,6717812,6634079
강원,2020. 07,1540094,774913,765181
충북,2020. 07,1597936,809841,788095
충남,2020. 07,2120692,1081752,1038940
전북,2020. 07,1808044,898719,909325
전남,2020. 07,1853339,931280,922059
경북,2020. 07,2644001,1331461,1312540
경남,2020. 07,3347637,1685427,1662210
제주,2020. 07,671913,337587,334326
전국,2020. 08,51839953,25851388,25988565
서울,2020. 08,9708247,4724585,4983662
부산,2020. 08,3401072,1666462,1734610
대구,2020. 08,2428228,1198662,1229566
인천,2020. 08,2943491,1474620,1468871
광주,2020. 08,1454154,719601,734553
대전,2020. 08,1469431,733547,735884
울산,2020. 08,1140310,585922,554388
세종,2020. 08,347232,173183,174049
경기,2020. 08,13370714,6727226,6643488
강원,2020. 08,1540689,775113,765576
충북,2020. 08,1598162,810023,788139
충남,2020. 08,2120519,1081807,1038712
전북,2020. 08,1807094,898296,908798
전남,2020. 08,1851985,930466,921519
경북,2020. 08,2640932,1329919,1311013
경남,2020. 08,3345169,1684134,1661035
제주,2020. 08,672524,337822,334702
전국,2020. 09,51841786,25851003,25990783
서울,2020. 09,9699232,4719170,4980062
부산,2020. 09,3399749,1665554,1734195
대구,2020. 09,2426849,1197914,1228935
인천,2020. 09,2942553,1474105,1468448
광주,2020. 09,1453952,719445,734507
대전,2020. 09,1469099,733356,735743
울산,2020. 09,1139368,585387,553981
세종,2020. 09,348014,173613,174401
경기,2020. 09,13388485,6736077,6652408
강원,2020. 09,1541104,775324,765780
충북,2020. 09,1598536,810302,788234
충남,2020. 09,2120559,1082029,1038530
전북,2020. 09,1806441,898048,908393
전남,2020. 09,1851124,930076,921048
경북,2020. 09,2640003,1329408,1310595
경남,2020. 09,3343770,1683263,1660507
제주,2020. 09,672948,337932,335016
전국,2020. 10,51838016,25847719,25990297
서울,2020. 10,9689159,4713716,4975443
부산,2020. 10,3397598,1664277,1733321
대구,2020. 10,2424171,1196446,1227725
인천,2020. 10,2942233,1473834,1468399
광주,2020. 10,1452994,718912,734082
대전,2020. 10,1467556,732552,735004
울산,2020. 10,1138581,584963,553618
세종,2020. 10,351007,175135,175872
경기,2020. 10,13400615,6741849,6658766
강원,2020. 10,1541836,775679,766157
충북,2020. 10,1599102,810528,788574
충남,2020. 10,2120347,1081967,1038380
전북,2020. 10,1805937,897770,908167
전남,2020. 10,1850680,929911,920769
경북,2020. 10,2639763,1329257,1310506
경남,2020. 10,3342831,1682733,1660098
제주,2020. 10,673606,338190,335416
전국,2020. 11,51834302,25844667,25989635
서울,2020. 11,9679771,4708321,4971450
부산,2020. 11,3395514,1663055,1732459
대구,2020. 11,2421859,1195081,1226778
인천,2020. 11,2942307,1473795,1468512
광주,2020. 11,1451993,718370,733623
대전,2020. 11,1465893,731701,734192
울산,2020. 11,1137345,584305,553040
세종,2020. 11,353430,176336,177094
경기,2020. 11,13413459,6748061,6665398
강원,2020. 11,1542374,776079,766295
충북,2020. 11,1599680,810903,788777
충남,2020. 11,2120607,1082311,1038296
전북,2020. 11,1805204,897393,907811
전남,2020. 11,1850557,929986,920571
경북,2020. 11,2639245,1328939,1310306
경남,2020. 11,3341063,1681719,1659344
제주,2020. 11,674001,338312,335689
전국,2020. 12,51829023,25841029,25987994
서울,2020. 12,9668465,4701723,4966742
부산,2020. 12,3391946,1661000,1730946
대구,2020. 12,2418346,1193109,1225237
인천,2020. 12,2942828,1473943,1468885
광주,2020. 12,1450062,717348,732714
대전,2020. 12,1463882,730699,733183
울산,2020. 12,1136017,583708,552309
세종,2020. 12,355831,177568,178263
경기,2020. 12,13427014,6754469,6672545
강원,2020. 12,1542840,776505,766335
충북,2020. 12,1600837,811591,789246
충남,2020. 12,2121029,1082634,1038395
전북,2020. 12,1804104,896874,907230
전남,2020. 12,1851549,930615,920934
경북,2020. 12,2639422,1329211,1310211
경남,2020. 12,3340216,1681423,1658793
제주,2020. 12,674635,338609,336026
전국,2021. 01,51825932,25838512,25987420
서울,2021. 01,9657969,4695999,4961970
부산,2021. 01,3389388,1659527,1729861
대구,2021. 01,2415813,1191656,1224157
인천,2021. 01,2942452,1473639,1468813
광주,2021. 01,1449115,716929,732186
대전,2021. 01,1463291,730396,732895
울산,2021. 01,1135370,583402,551968
세종,2021. 01,357871,178656,179215
경기,2021. 01,13449499,6765862,6683637
강원,2021. 01,1541696,775727,765969
충북,2021. 01,1599658,811057,788601
충남,2021. 01,2119837,1082095,1037742
전북,2021. 01,1802748,896115,906633
전남,2021. 01,1850575,930132,920443
경북,2021. 01,2637639,1328384,1309255
경남,2021. 01,3338396,1680383,1658013
제주,2021. 01,674615,338553,336062
전국,2021. 02,51824142,25836561,25987581
서울,2021. 02,9648606,4690282,4958324
부산,2021. 02,3387761,1658540,1729221
대구,2021. 02,2413191,1190244,1222947
인천,2021. 02,2941705,1473245,1468460
광주,2021. 02,1447953,716331,731622
대전,2021. 02,1462064,729663,732401
울산,2021. 02,1132953,582190,550763
세종,2021. 02,359569,179528,180041
경기,2021. 02,13471758,6777066,6694692
강원,2021. 02,1540875,775186,765689
충북,2021. 02,1599122,810751,788371
충남,2021. 02,2119542,1082026,1037516
전북,2021. 02,1801319,895485,905834
전남,2021. 02,1849795,929889,919906
경북,2021. 02,2636747,1328167,1308580
경남,2021. 02,3336045,1679295,1656750
제주,2021. 02,675137,338673,336464
전국,2021. 03,51705905,25787390,25918515
서울,2021. 03,9598484,4667524,4930960
부산,2021. 03,3372399,1651804,1720595
대구,2021. 03,2408875,1188070,1220805
인천,2021. 03,2936461,1470750,1465711
광주,2021. 03,1445473,715226,730247
대전,2021. 03,1458463,728075,730388
울산,2021. 03,1129254,580424,548830
세종,2021. 03,360462,180030,180432
경기,2021. 03,13465837,6776866,6688971
강원,2021. 03,1536399,773248,763151
충북,2021. 03,1595714,809457,786257
충남,2021. 03,2115823,1080841,1034982
전북,2021. 03,1797450,893974,903476
전남,2021. 03,1844811,927884,916927
경북,2021. 03,2635563,1327990,1307573
경남,2021. 03,3330463,1677021,1653442
제주,2021. 03,673974,338206,335768
전국,2021. 04,51702100,25784538,25917562
서울,2021. 04,9588711,4661711,4927000
부산,2021. 04,3369704,1650252,1719452
대구,2021. 04,2406296,1186663,1219633
인천,2021. 04,2936214,1470490,1465724
광주,2021. 04,1444787,714834,729953
대전,2021. 04,1457619,727522,730097
울산,2021. 04,1128163,579853,548310
세종,2021. 04,361396,180462,180934
경기,2021. 04,13479798,6784466,6695332
강원,2021. 04,1536175,773037,763138
충북,2021. 04,1596303,809679,786624
충남,2021. 04,2116452,1081275,1035177
전북,2021. 04,1796331,893415,902916
전남,2021. 04,1844148,927667,916481
경북,2021. 04,2635896,1328240,1307656
경남,2021. 04,3329623,1676550,1653073
제주,2021. 04,674484,338422,336062
